  no	pred	real	Good	Contact	Radius	Hole
  0  	  1  	  1  	0.000	1.000	0.000	0.000
  1  	  1  	  1  	0.000	1.000	0.000	0.000
  2  	  1  	  1  	0.000	1.000	0.000	0.000
  3  	  1  	  1  	0.000	1.000	0.000	0.000
  4  	  1  	  1  	0.000	1.000	0.000	0.000
  5  	  1  	  1  	0.000	1.000	0.000	0.000
  6  	  1  	  1  	0.000	1.000	0.000	0.000
  7  	  1  	  1  	0.000	1.000	0.000	0.000
  8  	  1  	  1  	0.000	1.000	0.000	0.000
  9  	  1  	  1  	0.000	1.000	0.000	0.000
 10  	  1  	  1  	0.000	0.994	0.006	0.000
 11  	  1  	  1  	0.000	1.000	0.000	0.000
 12  	  1  	  1  	0.001	0.992	0.007	0.000
 13  	  1  	  1  	0.000	0.992	0.005	0.003
 14  	  1  	  1  	0.000	0.999	0.001	0.000
 15  	  1  	  1  	0.000	1.000	0.000	0.000
 16  	  1  	  1  	0.000	0.997	0.003	0.000
 17  	  1  	  1  	0.000	0.562	0.438	0.000
 18  	  1  	  1  	0.000	0.999	0.001	0.000
 19  	  1  	  1  	0.000	1.000	0.000	0.000
 20  	  1  	  1  	0.000	1.000	0.000	0.000
 21  	  1  	  1  	0.000	0.941	0.000	0.058
 22  	  1  	  1  	0.000	1.000	0.000	0.000
 23  	  1  	  1  	0.000	1.000	0.000	0.000
 24  	  1  	  1  	0.000	1.000	0.000	0.000
 25  	  1  	  1  	0.000	1.000	0.000	0.000
 26  	  1  	  1  	0.000	1.000	0.000	0.000
 27  	  1  	  1  	0.000	1.000	0.000	0.000
 28  	  2  	  2  	0.000	0.003	0.996	0.002
 29  	  1  	  2  	0.000	0.786	0.211	0.003
 30  	  2  	  2  	0.001	0.000	0.999	0.000
 31  	  1  	  2  	0.000	0.837	0.163	0.000
 32  	  2  	  2  	0.000	0.000	1.000	0.000
 33  	  2  	  2  	0.000	0.032	0.968	0.000
 34  	  2  	  2  	0.000	0.000	1.000	0.000
 35  	  2  	  2  	0.000	0.270	0.705	0.025
 36  	  2  	  2  	0.000	0.046	0.953	0.000
 37  	  2  	  2  	0.000	0.000	1.000	0.000
 38  	  2  	  2  	0.000	0.000	1.000	0.000
 39  	  2  	  2  	0.000	0.000	1.000	0.000
 40  	  2  	  2  	0.000	0.001	0.999	0.000
 41  	  2  	  2  	0.000	0.000	1.000	0.000
 42  	  2  	  2  	0.000	0.000	1.000	0.000
 43  	  2  	  2  	0.000	0.001	0.999	0.000
 44  	  2  	  2  	0.000	0.000	0.999	0.000
 45  	  1  	  2  	0.000	0.899	0.101	0.000
 46  	  2  	  2  	0.000	0.005	0.995	0.000
 47  	  2  	  2  	0.000	0.006	0.994	0.000
 48  	  2  	  2  	0.000	0.159	0.840	0.001
 49  	  1  	  2  	0.000	0.923	0.075	0.002
 50  	  2  	  2  	0.009	0.424	0.568	0.000
 51  	  3  	  3  	0.000	0.000	0.000	1.000
 52  	  3  	  3  	0.000	0.000	0.000	1.000
 53  	  3  	  3  	0.000	0.000	0.000	1.000
 54  	  3  	  3  	0.000	0.000	0.000	1.000
 55  	  3  	  3  	0.001	0.002	0.002	0.996
 56  	  3  	  3  	0.000	0.000	0.000	1.000
 57  	  3  	  3  	0.000	0.001	0.000	0.999
 58  	  3  	  3  	0.003	0.001	0.000	0.996
 59  	  3  	  3  	0.000	0.000	0.000	1.000
 60  	  3  	  3  	0.000	0.000	0.000	1.000
 61  	  1  	  3  	0.000	1.000	0.000	0.000
 62  	  3  	  3  	0.000	0.000	0.000	1.000
 63  	  3  	  3  	0.000	0.000	0.000	1.000
 64  	  3  	  3  	0.000	0.000	0.000	1.000
 65  	  3  	  3  	0.000	0.000	0.000	1.000
 66  	  3  	  3  	0.000	0.000	0.000	1.000
 67  	  3  	  3  	0.000	0.000	0.000	1.000
 68  	  3  	  3  	0.000	0.000	0.000	1.000
 69  	  3  	  3  	0.000	0.000	0.000	1.000
 70  	  3  	  3  	0.000	0.000	0.000	1.000
 71  	  3  	  3  	0.000	0.000	0.000	1.000
 72  	  3  	  3  	0.000	0.000	0.000	1.000
 73  	  3  	  3  	0.000	0.000	0.000	1.000
 74  	  3  	  3  	0.000	0.000	0.000	1.000
 75  	  3  	  3  	0.000	0.000	0.000	1.000
 76  	  3  	  3  	0.000	0.000	0.000	1.000
 77  	  3  	  3  	0.000	0.000	0.000	1.000
 78  	  3  	  3  	0.000	0.000	0.000	1.000
 79  	  3  	  3  	0.000	0.000	0.000	1.000
 80  	  3  	  3  	0.000	0.000	0.000	1.000
 81  	  3  	  3  	0.000	0.000	0.000	1.000
 82  	  3  	  3  	0.000	0.000	0.000	1.000
 83  	  3  	  3  	0.000	0.000	0.000	1.000
 84  	  3  	  3  	0.000	0.000	0.000	1.000
 85  	  3  	  3  	0.000	0.000	0.000	1.000
 86  	  3  	  3  	0.000	0.000	0.000	1.000
 87  	  3  	  3  	0.000	0.000	0.000	1.000
 88  	  3  	  3  	0.000	0.000	0.000	1.000
 89  	  3  	  3  	0.000	0.000	0.000	1.000
 90  	  3  	  3  	0.000	0.000	0.000	1.000
 91  	  3  	  3  	0.000	0.000	0.000	1.000
 92  	  3  	  3  	0.000	0.000	0.000	1.000
 93  	  3  	  3  	0.000	0.000	0.000	1.000
 94  	  3  	  3  	0.002	0.001	0.000	0.997
 95  	  3  	  3  	0.000	0.000	0.000	1.000
 96  	  3  	  3  	0.000	0.000	0.000	1.000
 97  	  3  	  3  	0.002	0.002	0.006	0.991
 98  	  3  	  3  	0.001	0.005	0.001	0.993
 99  	  3  	  3  	0.000	0.000	0.000	1.000
 100 	  3  	  3  	0.003	0.001	0.000	0.996
 101 	  3  	  3  	0.000	0.000	0.000	1.000
 102 	  0  	  0  	1.000	0.000	0.000	0.000
 103 	  0  	  0  	1.000	0.000	0.000	0.000
 104 	  0  	  0  	1.000	0.000	0.000	0.000
 105 	  0  	  0  	1.000	0.000	0.000	0.000
 106 	  0  	  0  	1.000	0.000	0.000	0.000
 107 	  0  	  0  	1.000	0.000	0.000	0.000
 108 	  0  	  0  	1.000	0.000	0.000	0.000
 109 	  0  	  0  	1.000	0.000	0.000	0.000
 110 	  0  	  0  	1.000	0.000	0.000	0.000
 111 	  0  	  0  	1.000	0.000	0.000	0.000
 112 	  0  	  0  	1.000	0.000	0.000	0.000
 113 	  0  	  0  	1.000	0.000	0.000	0.000
 114 	  0  	  0  	1.000	0.000	0.000	0.000
 115 	  0  	  0  	1.000	0.000	0.000	0.000
 116 	  0  	  0  	1.000	0.000	0.000	0.000
 117 	  0  	  0  	1.000	0.000	0.000	0.000
 118 	  0  	  0  	1.000	0.000	0.000	0.000
 119 	  0  	  0  	0.990	0.000	0.000	0.010
 120 	  0  	  0  	0.999	0.001	0.000	0.000
 121 	  0  	  0  	0.998	0.000	0.000	0.002
 122 	  0  	  0  	0.999	0.000	0.000	0.001
 123 	  0  	  0  	0.998	0.000	0.000	0.002
 124 	  0  	  0  	0.996	0.000	0.000	0.004
 125 	  0  	  0  	1.000	0.000	0.000	0.000
 126 	  0  	  0  	1.000	0.000	0.000	0.000
 127 	  0  	  0  	1.000	0.000	0.000	0.000
 128 	  0  	  0  	1.000	0.000	0.000	0.000
 129 	  0  	  0  	1.000	0.000	0.000	0.000
 130 	  0  	  0  	1.000	0.000	0.000	0.000
 131 	  0  	  0  	0.964	0.036	0.000	0.000
 132 	  0  	  0  	1.000	0.000	0.000	0.000
 133 	  0  	  0  	1.000	0.000	0.000	0.000
 134 	  0  	  0  	1.000	0.000	0.000	0.000
 135 	  0  	  0  	1.000	0.000	0.000	0.000
 136 	  0  	  0  	1.000	0.000	0.000	0.000
 137 	  0  	  0  	1.000	0.000	0.000	0.000
 138 	  0  	  0  	1.000	0.000	0.000	0.000
 139 	  0  	  0  	1.000	0.000	0.000	0.000
 140 	  0  	  0  	1.000	0.000	0.000	0.000
 141 	  0  	  0  	1.000	0.000	0.000	0.000
 142 	  0  	  0  	1.000	0.000	0.000	0.000
 143 	  0  	  0  	1.000	0.000	0.000	0.000
 144 	  0  	  0  	0.999	0.000	0.001	0.000
 145 	  0  	  0  	0.999	0.000	0.000	0.001
 146 	  0  	  0  	1.000	0.000	0.000	0.000
 147 	  0  	  0  	1.000	0.000	0.000	0.000
 148 	  0  	  0  	1.000	0.000	0.000	0.000
 149 	  0  	  0  	1.000	0.000	0.000	0.000
 150 	  0  	  0  	0.995	0.000	0.000	0.005
 151 	  0  	  0  	1.000	0.000	0.000	0.000
 152 	  0  	  0  	1.000	0.000	0.000	0.000
 153 	  0  	  0  	1.000	0.000	0.000	0.000
 154 	  0  	  0  	1.000	0.000	0.000	0.000
 155 	  0  	  0  	1.000	0.000	0.000	0.000
 156 	  0  	  0  	1.000	0.000	0.000	0.000
 157 	  0  	  0  	1.000	0.000	0.000	0.000
 158 	  0  	  0  	0.957	0.043	0.000	0.000
 159 	  0  	  0  	0.999	0.001	0.000	0.000
 160 	  0  	  0  	0.988	0.000	0.000	0.012
 161 	  0  	  0  	1.000	0.000	0.000	0.000
 162 	  0  	  0  	1.000	0.000	0.000	0.000
