  no	pred	real	Good	Contact	Radius	Hole
  0  	  1  	  1  	0.008	0.973	0.010	0.008
  1  	  1  	  1  	0.004	0.989	0.003	0.005
  2  	  1  	  1  	0.003	0.984	0.006	0.007
  3  	  1  	  1  	0.002	0.991	0.002	0.005
  4  	  1  	  1  	0.008	0.973	0.010	0.008
  5  	  1  	  1  	0.004	0.989	0.003	0.005
  6  	  1  	  1  	0.002	0.953	0.038	0.007
  7  	  1  	  1  	0.002	0.989	0.003	0.006
  8  	  1  	  1  	0.001	0.992	0.001	0.005
  9  	  1  	  1  	0.001	0.941	0.050	0.008
 10  	  1  	  1  	0.001	0.981	0.013	0.005
 11  	  1  	  1  	0.006	0.976	0.011	0.007
 12  	  1  	  1  	0.001	0.942	0.049	0.008
 13  	  1  	  1  	0.002	0.983	0.007	0.009
 14  	  1  	  1  	0.002	0.989	0.002	0.008
 15  	  1  	  1  	0.008	0.967	0.010	0.015
 16  	  1  	  1  	0.006	0.969	0.010	0.015
 17  	  1  	  1  	0.030	0.948	0.013	0.009
 18  	  1  	  1  	0.044	0.865	0.020	0.071
 19  	  1  	  1  	0.015	0.914	0.042	0.029
 20  	  1  	  1  	0.003	0.948	0.040	0.009
 21  	  1  	  1  	0.005	0.922	0.032	0.041
 22  	  1  	  1  	0.007	0.984	0.003	0.007
 23  	  1  	  1  	0.004	0.989	0.002	0.005
 24  	  1  	  1  	0.009	0.947	0.037	0.006
 25  	  1  	  1  	0.002	0.989	0.006	0.003
 26  	  1  	  1  	0.002	0.990	0.005	0.003
 27  	  1  	  1  	0.003	0.987	0.006	0.004
 28  	  1  	  1  	0.001	0.991	0.004	0.003
 29  	  1  	  1  	0.003	0.988	0.005	0.004
 30  	  1  	  1  	0.002	0.987	0.006	0.005
 31  	  1  	  1  	0.002	0.989	0.006	0.004
 32  	  1  	  1  	0.002	0.991	0.004	0.003
 33  	  1  	  1  	0.002	0.981	0.013	0.004
 34  	  1  	  1  	0.001	0.991	0.004	0.003
 35  	  1  	  1  	0.003	0.989	0.005	0.004
 36  	  1  	  1  	0.001	0.991	0.005	0.003
 37  	  1  	  1  	0.007	0.984	0.004	0.006
 38  	  1  	  1  	0.002	0.993	0.000	0.005
 39  	  1  	  1  	0.003	0.992	0.002	0.003
 40  	  1  	  1  	0.002	0.995	0.001	0.003
 41  	  1  	  1  	0.006	0.988	0.002	0.004
 42  	  1  	  1  	0.007	0.984	0.004	0.006
 43  	  1  	  1  	0.003	0.992	0.002	0.003
 44  	  1  	  1  	0.002	0.995	0.001	0.003
 45  	  1  	  1  	0.006	0.988	0.002	0.004
 46  	  1  	  1  	0.008	0.983	0.003	0.005
 47  	  1  	  1  	0.003	0.992	0.001	0.003
 48  	  1  	  1  	0.003	0.993	0.001	0.003
 49  	  1  	  1  	0.004	0.991	0.002	0.003
 50  	  1  	  1  	0.003	0.971	0.015	0.012
 51  	  1  	  1  	0.007	0.987	0.002	0.004
 52  	  1  	  1  	0.002	0.993	0.002	0.003
 53  	  1  	  1  	0.005	0.987	0.002	0.005
 54  	  1  	  1  	0.007	0.987	0.002	0.004
 55  	  1  	  1  	0.002	0.993	0.002	0.003
 56  	  1  	  1  	0.005	0.987	0.002	0.005
 57  	  1  	  1  	0.006	0.987	0.003	0.005
 58  	  1  	  1  	0.002	0.993	0.001	0.003
 59  	  1  	  1  	0.002	0.994	0.001	0.003
 60  	  1  	  1  	0.005	0.987	0.003	0.004
 61  	  1  	  1  	0.002	0.994	0.001	0.003
 62  	  1  	  1  	0.013	0.959	0.021	0.007
 63  	  1  	  1  	0.004	0.981	0.005	0.011
 64  	  1  	  1  	0.002	0.994	0.001	0.003
 65  	  1  	  1  	0.012	0.968	0.004	0.016
 66  	  1  	  1  	0.004	0.962	0.020	0.013
 67  	  1  	  1  	0.011	0.972	0.007	0.011
 68  	  1  	  1  	0.004	0.961	0.022	0.014
 69  	  1  	  1  	0.003	0.974	0.006	0.017
 70  	  1  	  1  	0.060	0.846	0.083	0.011
 71  	  1  	  1  	0.021	0.793	0.177	0.009
 72  	  1  	  1  	0.003	0.994	0.001	0.002
 73  	  1  	  1  	0.026	0.673	0.291	0.010
 74  	  1  	  1  	0.005	0.989	0.003	0.003
 75  	  1  	  1  	0.014	0.894	0.063	0.029
 76  	  1  	  1  	0.003	0.994	0.001	0.002
 77  	  1  	  1  	0.005	0.989	0.003	0.003
 78  	  1  	  1  	0.007	0.986	0.003	0.004
 79  	  1  	  1  	0.004	0.989	0.003	0.004
 80  	  1  	  1  	0.006	0.986	0.003	0.004
 81  	  1  	  1  	0.006	0.989	0.002	0.003
 82  	  1  	  1  	0.003	0.989	0.002	0.007
 83  	  1  	  1  	0.006	0.989	0.002	0.003
 84  	  1  	  1  	0.005	0.986	0.007	0.002
 85  	  1  	  1  	0.012	0.977	0.004	0.007
 86  	  1  	  1  	0.004	0.987	0.003	0.006
 87  	  1  	  1  	0.004	0.990	0.003	0.003
 88  	  1  	  1  	0.008	0.983	0.006	0.003
 89  	  1  	  1  	0.007	0.987	0.001	0.004
 90  	  1  	  1  	0.008	0.985	0.003	0.005
 91  	  1  	  1  	0.003	0.986	0.001	0.010
 92  	  1  	  1  	0.003	0.992	0.001	0.003
 93  	  1  	  1  	0.005	0.992	0.000	0.003
 94  	  1  	  1  	0.004	0.970	0.013	0.013
 95  	  1  	  1  	0.004	0.990	0.002	0.004
 96  	  1  	  1  	0.002	0.991	0.003	0.004
 97  	  1  	  1  	0.004	0.990	0.001	0.005
 98  	  1  	  1  	0.008	0.983	0.004	0.006
 99  	  1  	  1  	0.003	0.991	0.002	0.004
 100 	  1  	  1  	0.007	0.989	0.000	0.004
 101 	  1  	  1  	0.004	0.986	0.005	0.004
 102 	  1  	  1  	0.007	0.987	0.002	0.004
 103 	  1  	  1  	0.009	0.980	0.005	0.006
 104 	  1  	  1  	0.014	0.952	0.025	0.009
 105 	  1  	  1  	0.003	0.943	0.043	0.011
 106 	  1  	  1  	0.003	0.983	0.006	0.007
 107 	  1  	  1  	0.002	0.986	0.005	0.007
 108 	  1  	  1  	0.004	0.955	0.021	0.021
 109 	  1  	  1  	0.003	0.968	0.020	0.010
 110 	  1  	  1  	0.005	0.984	0.006	0.005
 111 	  1  	  1  	0.003	0.991	0.002	0.004
 112 	  1  	  1  	0.004	0.991	0.001	0.004
 113 	  1  	  1  	0.043	0.881	0.067	0.010
 114 	  1  	  1  	0.036	0.753	0.200	0.011
 115 	  1  	  1  	0.009	0.967	0.018	0.006
 116 	  1  	  1  	0.002	0.991	0.002	0.005
 117 	  1  	  1  	0.008	0.891	0.068	0.033
 118 	  1  	  1  	0.003	0.986	0.005	0.005
 119 	  1  	  1  	0.003	0.990	0.003	0.004
 120 	  1  	  1  	0.002	0.993	0.002	0.004
 121 	  1  	  1  	0.002	0.993	0.001	0.004
 122 	  1  	  1  	0.008	0.984	0.003	0.005
 123 	  1  	  1  	0.003	0.988	0.004	0.005
 124 	  1  	  1  	0.002	0.993	0.001	0.004
 125 	  1  	  1  	0.003	0.991	0.002	0.005
 126 	  1  	  1  	0.003	0.988	0.004	0.005
 127 	  1  	  1  	0.002	0.992	0.002	0.004
 128 	  1  	  1  	0.003	0.992	0.001	0.004
 129 	  1  	  1  	0.005	0.990	0.001	0.004
 130 	  1  	  1  	0.003	0.983	0.007	0.007
 131 	  1  	  1  	0.002	0.989	0.005	0.005
 132 	  1  	  1  	0.003	0.964	0.026	0.007
 133 	  1  	  1  	0.004	0.962	0.021	0.013
 134 	  1  	  1  	0.005	0.989	0.003	0.004
 135 	  1  	  1  	0.002	0.993	0.002	0.003
 136 	  1  	  1  	0.004	0.990	0.001	0.005
 137 	  1  	  1  	0.005	0.922	0.031	0.042
 138 	  1  	  1  	0.035	0.883	0.071	0.011
 139 	  1  	  1  	0.028	0.816	0.147	0.008
 140 	  1  	  1  	0.016	0.976	0.003	0.005
 141 	  1  	  1  	0.005	0.989	0.001	0.005
 142 	  2  	  1  	0.106	0.095	0.781	0.019
 143 	  0  	  1  	0.917	0.012	0.068	0.002
 144 	  2  	  1  	0.014	0.055	0.920	0.011
 145 	  2  	  1  	0.078	0.084	0.821	0.017
 146 	  2  	  2  	0.000	0.007	0.991	0.002
 147 	  2  	  2  	0.001	0.005	0.991	0.003
 148 	  2  	  2  	0.001	0.008	0.987	0.004
 149 	  2  	  2  	0.001	0.008	0.986	0.005
 150 	  2  	  2  	0.002	0.006	0.989	0.004
 151 	  2  	  2  	0.002	0.009	0.984	0.005
 152 	  2  	  2  	0.000	0.001	0.997	0.002
 153 	  2  	  2  	0.000	0.001	0.998	0.002
 154 	  2  	  2  	0.001	0.005	0.990	0.003
 155 	  2  	  2  	0.005	0.016	0.973	0.005
 156 	  2  	  2  	0.008	0.007	0.980	0.005
 157 	  1  	  2  	0.001	0.910	0.068	0.021
 158 	  2  	  2  	0.002	0.004	0.993	0.001
 159 	  2  	  2  	0.001	0.003	0.995	0.001
 160 	  2  	  2  	0.001	0.002	0.997	0.000
 161 	  2  	  2  	0.008	0.004	0.985	0.003
 162 	  2  	  2  	0.001	0.004	0.994	0.001
 163 	  2  	  2  	0.009	0.007	0.981	0.003
 164 	  2  	  2  	0.001	0.006	0.990	0.003
 165 	  2  	  2  	0.002	0.013	0.981	0.004
 166 	  2  	  2  	0.004	0.022	0.970	0.004
 167 	  2  	  2  	0.000	0.004	0.994	0.002
 168 	  2  	  2  	0.004	0.008	0.986	0.003
 169 	  2  	  2  	0.002	0.004	0.992	0.002
 170 	  2  	  2  	0.001	0.003	0.995	0.001
 171 	  2  	  2  	0.001	0.005	0.992	0.001
 172 	  2  	  2  	0.001	0.004	0.992	0.002
 173 	  2  	  2  	0.001	0.005	0.993	0.001
 174 	  2  	  2  	0.018	0.005	0.974	0.003
 175 	  2  	  2  	0.002	0.002	0.993	0.003
 176 	  2  	  2  	0.007	0.002	0.989	0.002
 177 	  2  	  2  	0.036	0.003	0.948	0.013
 178 	  2  	  2  	0.080	0.004	0.902	0.013
 179 	  2  	  2  	0.002	0.002	0.995	0.002
 180 	  2  	  2  	0.133	0.006	0.850	0.011
 181 	  2  	  2  	0.007	0.002	0.989	0.002
 182 	  2  	  2  	0.092	0.003	0.894	0.011
 183 	  2  	  2  	0.080	0.003	0.907	0.010
 184 	  2  	  2  	0.003	0.001	0.994	0.002
 185 	  2  	  2  	0.033	0.002	0.958	0.007
 186 	  2  	  2  	0.002	0.007	0.991	0.001
 187 	  2  	  2  	0.002	0.003	0.992	0.003
 188 	  2  	  2  	0.013	0.004	0.981	0.002
 189 	  2  	  2  	0.001	0.003	0.995	0.001
 190 	  2  	  2  	0.003	0.005	0.990	0.001
 191 	  2  	  2  	0.012	0.005	0.981	0.002
 192 	  2  	  2  	0.002	0.003	0.993	0.002
 193 	  2  	  2  	0.056	0.072	0.863	0.009
 194 	  2  	  2  	0.001	0.003	0.993	0.003
 195 	  2  	  2  	0.000	0.006	0.992	0.002
 196 	  2  	  2  	0.000	0.003	0.995	0.002
 197 	  2  	  2  	0.009	0.017	0.968	0.006
 198 	  2  	  2  	0.001	0.002	0.993	0.003
 199 	  2  	  2  	0.001	0.003	0.994	0.002
 200 	  2  	  2  	0.005	0.124	0.854	0.017
 201 	  2  	  2  	0.002	0.005	0.991	0.003
 202 	  2  	  2  	0.004	0.263	0.702	0.031
 203 	  2  	  2  	0.005	0.124	0.854	0.017
 204 	  2  	  2  	0.001	0.084	0.888	0.027
 205 	  2  	  2  	0.426	0.011	0.561	0.002
 206 	  2  	  2  	0.443	0.011	0.544	0.002
 207 	  2  	  2  	0.345	0.010	0.641	0.004
 208 	  2  	  2  	0.352	0.011	0.633	0.005
 209 	  2  	  2  	0.001	0.002	0.974	0.023
 210 	  2  	  2  	0.009	0.010	0.947	0.035
 211 	  2  	  2  	0.001	0.002	0.990	0.007
 212 	  2  	  2  	0.004	0.003	0.990	0.004
 213 	  2  	  2  	0.001	0.001	0.992	0.006
 214 	  2  	  2  	0.002	0.037	0.956	0.005
 215 	  2  	  2  	0.002	0.019	0.977	0.002
 216 	  2  	  2  	0.003	0.062	0.930	0.006
 217 	  2  	  2  	0.002	0.019	0.977	0.002
 218 	  2  	  2  	0.003	0.062	0.930	0.006
 219 	  2  	  2  	0.001	0.125	0.857	0.017
 220 	  2  	  2  	0.000	0.011	0.986	0.002
 221 	  2  	  2  	0.027	0.124	0.836	0.013
 222 	  2  	  2  	0.001	0.055	0.939	0.004
 223 	  2  	  2  	0.034	0.190	0.759	0.017
 224 	  2  	  2  	0.000	0.011	0.986	0.002
 225 	  2  	  2  	0.001	0.055	0.939	0.004
 226 	  1  	  2  	0.003	0.574	0.090	0.332
 227 	  2  	  2  	0.001	0.001	0.996	0.001
 228 	  2  	  2  	0.001	0.005	0.992	0.002
 229 	  2  	  2  	0.001	0.001	0.996	0.002
 230 	  2  	  2  	0.001	0.009	0.985	0.005
 231 	  2  	  2  	0.001	0.009	0.985	0.005
 232 	  2  	  2  	0.001	0.005	0.992	0.002
 233 	  1  	  2  	0.029	0.961	0.005	0.005
 234 	  2  	  2  	0.002	0.066	0.923	0.010
 235 	  1  	  2  	0.057	0.936	0.002	0.005
 236 	  2  	  2  	0.003	0.121	0.863	0.013
 237 	  2  	  2  	0.007	0.011	0.980	0.002
 238 	  2  	  2  	0.003	0.003	0.993	0.002
 239 	  1  	  2  	0.090	0.671	0.187	0.053
 240 	  2  	  2  	0.003	0.004	0.989	0.004
 241 	  2  	  2  	0.000	0.004	0.992	0.004
 242 	  2  	  2  	0.003	0.003	0.993	0.001
 243 	  2  	  2  	0.000	0.015	0.970	0.014
 244 	  2  	  2  	0.005	0.012	0.976	0.007
 245 	  2  	  2  	0.001	0.005	0.991	0.003
 246 	  2  	  2  	0.003	0.005	0.986	0.005
 247 	  2  	  2  	0.001	0.012	0.973	0.014
 248 	  2  	  2  	0.004	0.003	0.993	0.001
 249 	  2  	  2  	0.000	0.008	0.985	0.007
 250 	  2  	  2  	0.003	0.009	0.982	0.006
 251 	  2  	  2  	0.002	0.012	0.981	0.006
 252 	  2  	  2  	0.002	0.002	0.993	0.002
 253 	  2  	  2  	0.013	0.004	0.981	0.002
 254 	  2  	  2  	0.001	0.016	0.982	0.002
 255 	  1  	  2  	0.001	0.632	0.307	0.059
 256 	  2  	  2  	0.003	0.002	0.992	0.002
 257 	  2  	  2  	0.012	0.004	0.982	0.002
 258 	  2  	  2  	0.001	0.021	0.977	0.002
 259 	  1  	  2  	0.001	0.861	0.112	0.025
 260 	  2  	  2  	0.001	0.003	0.996	0.001
 261 	  3  	  3  	0.002	0.005	0.014	0.979
 262 	  3  	  3  	0.003	0.005	0.019	0.973
 263 	  3  	  3  	0.003	0.011	0.012	0.974
 264 	  3  	  3  	0.003	0.012	0.014	0.971
 265 	  3  	  3  	0.002	0.008	0.011	0.979
 266 	  3  	  3  	0.004	0.011	0.009	0.976
 267 	  3  	  3  	0.004	0.006	0.018	0.972
 268 	  3  	  3  	0.003	0.009	0.010	0.978
 269 	  3  	  3  	0.003	0.010	0.010	0.976
 270 	  3  	  3  	0.004	0.011	0.011	0.974
 271 	  3  	  3  	0.002	0.008	0.010	0.980
 272 	  3  	  3  	0.003	0.009	0.009	0.979
 273 	  3  	  3  	0.003	0.007	0.008	0.983
 274 	  3  	  3  	0.003	0.009	0.010	0.978
 275 	  3  	  3  	0.003	0.008	0.010	0.979
 276 	  3  	  3  	0.003	0.010	0.011	0.977
 277 	  3  	  3  	0.015	0.012	0.012	0.960
 278 	  3  	  3  	0.003	0.009	0.010	0.979
 279 	  3  	  3  	0.003	0.009	0.011	0.977
 280 	  3  	  3  	0.003	0.009	0.010	0.978
 281 	  3  	  3  	0.003	0.009	0.009	0.978
 282 	  3  	  3  	0.003	0.010	0.009	0.978
 283 	  3  	  3  	0.001	0.006	0.027	0.966
 284 	  3  	  3  	0.002	0.004	0.009	0.985
 285 	  3  	  3  	0.014	0.011	0.011	0.965
 286 	  3  	  3  	0.003	0.017	0.021	0.959
 287 	  3  	  3  	0.001	0.005	0.005	0.989
 288 	  3  	  3  	0.001	0.024	0.002	0.973
 289 	  3  	  3  	0.003	0.017	0.015	0.966
 290 	  3  	  3  	0.003	0.005	0.016	0.977
 291 	  3  	  3  	0.004	0.006	0.013	0.977
 292 	  3  	  3  	0.004	0.004	0.009	0.983
 293 	  3  	  3  	0.007	0.065	0.023	0.906
 294 	  3  	  3  	0.003	0.010	0.008	0.979
 295 	  3  	  3  	0.013	0.017	0.033	0.937
 296 	  3  	  3  	0.001	0.005	0.010	0.984
 297 	  3  	  3  	0.001	0.014	0.006	0.979
 298 	  3  	  3  	0.003	0.007	0.009	0.981
 299 	  3  	  3  	0.004	0.012	0.051	0.933
 300 	  3  	  3  	0.002	0.004	0.009	0.985
 301 	  3  	  3  	0.001	0.006	0.005	0.988
 302 	  3  	  3  	0.003	0.011	0.011	0.976
 303 	  3  	  3  	0.006	0.020	0.085	0.888
 304 	  3  	  3  	0.001	0.003	0.007	0.989
 305 	  3  	  3  	0.000	0.010	0.008	0.981
 306 	  3  	  3  	0.003	0.009	0.010	0.978
 307 	  3  	  3  	0.006	0.014	0.109	0.871
 308 	  3  	  3  	0.001	0.003	0.010	0.986
 309 	  3  	  3  	0.002	0.021	0.006	0.971
 310 	  3  	  3  	0.019	0.059	0.012	0.910
 311 	  3  	  3  	0.006	0.007	0.016	0.970
 312 	  3  	  3  	0.007	0.005	0.014	0.975
 313 	  3  	  3  	0.004	0.009	0.011	0.976
 314 	  3  	  3  	0.007	0.008	0.012	0.973
 315 	  3  	  3  	0.002	0.003	0.010	0.985
 316 	  3  	  3  	0.005	0.008	0.013	0.974
 317 	  3  	  3  	0.002	0.003	0.023	0.972
 318 	  3  	  3  	0.003	0.007	0.017	0.973
 319 	  3  	  3  	0.000	0.009	0.012	0.979
 320 	  3  	  3  	0.005	0.007	0.008	0.980
 321 	  3  	  3  	0.004	0.007	0.012	0.977
 322 	  3  	  3  	0.002	0.006	0.018	0.974
 323 	  3  	  3  	0.001	0.010	0.016	0.973
 324 	  3  	  3  	0.003	0.012	0.010	0.976
 325 	  3  	  3  	0.003	0.003	0.093	0.901
 326 	  3  	  3  	0.002	0.006	0.012	0.979
 327 	  3  	  3  	0.002	0.007	0.014	0.977
 328 	  3  	  3  	0.003	0.007	0.014	0.976
 329 	  3  	  3  	0.014	0.007	0.024	0.955
 330 	  3  	  3  	0.004	0.004	0.006	0.986
 331 	  3  	  3  	0.035	0.019	0.014	0.931
 332 	  3  	  3  	0.020	0.008	0.016	0.956
 333 	  3  	  3  	0.010	0.006	0.017	0.967
 334 	  3  	  3  	0.004	0.005	0.014	0.977
 335 	  3  	  3  	0.011	0.013	0.018	0.958
 336 	  3  	  3  	0.003	0.010	0.017	0.970
 337 	  3  	  3  	0.012	0.005	0.034	0.949
 338 	  3  	  3  	0.004	0.003	0.010	0.984
 339 	  3  	  3  	0.009	0.015	0.019	0.956
 340 	  3  	  3  	0.002	0.011	0.012	0.975
 341 	  3  	  3  	0.001	0.002	0.012	0.985
 342 	  3  	  3  	0.004	0.004	0.010	0.983
 343 	  3  	  3  	0.003	0.007	0.011	0.979
 344 	  3  	  3  	0.002	0.006	0.013	0.978
 345 	  3  	  3  	0.004	0.010	0.011	0.975
 346 	  3  	  3  	0.006	0.011	0.008	0.975
 347 	  3  	  3  	0.003	0.007	0.014	0.977
 348 	  3  	  3  	0.008	0.011	0.010	0.971
 349 	  3  	  3  	0.007	0.005	0.010	0.978
 350 	  3  	  3  	0.014	0.056	0.065	0.864
 351 	  3  	  3  	0.025	0.093	0.060	0.822
 352 	  3  	  3  	0.002	0.009	0.009	0.980
 353 	  3  	  3  	0.004	0.006	0.006	0.984
 354 	  3  	  3  	0.002	0.006	0.013	0.980
 355 	  3  	  3  	0.002	0.013	0.009	0.976
 356 	  3  	  3  	0.002	0.009	0.008	0.982
 357 	  3  	  3  	0.002	0.007	0.015	0.975
 358 	  3  	  3  	0.007	0.023	0.031	0.939
 359 	  3  	  3  	0.008	0.023	0.032	0.937
 360 	  3  	  3  	0.001	0.007	0.006	0.985
 361 	  3  	  3  	0.002	0.008	0.010	0.981
 362 	  3  	  3  	0.002	0.009	0.006	0.984
 363 	  3  	  3  	0.001	0.009	0.006	0.984
 364 	  3  	  3  	0.002	0.007	0.008	0.983
 365 	  3  	  3  	0.001	0.006	0.009	0.985
 366 	  3  	  3  	0.002	0.008	0.007	0.983
 367 	  3  	  3  	0.002	0.007	0.009	0.982
 368 	  3  	  3  	0.002	0.008	0.007	0.984
 369 	  3  	  3  	0.002	0.008	0.009	0.982
 370 	  3  	  3  	0.001	0.006	0.009	0.985
 371 	  3  	  3  	0.002	0.008	0.007	0.983
 372 	  3  	  3  	0.002	0.009	0.006	0.984
 373 	  3  	  3  	0.001	0.009	0.006	0.984
 374 	  3  	  3  	0.002	0.007	0.008	0.983
 375 	  3  	  3  	0.001	0.007	0.008	0.984
 376 	  3  	  3  	0.002	0.007	0.013	0.978
 377 	  3  	  3  	0.006	0.008	0.015	0.971
 378 	  3  	  3  	0.017	0.008	0.025	0.950
 379 	  3  	  3  	0.002	0.007	0.014	0.976
 380 	  3  	  3  	0.006	0.009	0.015	0.971
 381 	  3  	  3  	0.014	0.009	0.026	0.951
 382 	  3  	  3  	0.003	0.008	0.012	0.976
 383 	  3  	  3  	0.002	0.006	0.009	0.983
 384 	  3  	  3  	0.002	0.006	0.008	0.983
 385 	  3  	  3  	0.002	0.009	0.009	0.980
 386 	  3  	  3  	0.004	0.006	0.006	0.984
 387 	  3  	  3  	0.002	0.006	0.013	0.980
 388 	  3  	  3  	0.003	0.009	0.013	0.975
 389 	  3  	  3  	0.003	0.006	0.012	0.979
 390 	  3  	  3  	0.003	0.007	0.011	0.980
 391 	  3  	  3  	0.003	0.008	0.012	0.977
 392 	  3  	  3  	0.004	0.009	0.012	0.974
 393 	  3  	  3  	0.003	0.006	0.010	0.981
 394 	  3  	  3  	0.003	0.009	0.013	0.975
 395 	  3  	  3  	0.005	0.008	0.011	0.977
 396 	  3  	  3  	0.008	0.009	0.009	0.974
 397 	  3  	  3  	0.003	0.009	0.013	0.975
 398 	  3  	  3  	0.004	0.008	0.011	0.976
 399 	  3  	  3  	0.004	0.006	0.006	0.983
 400 	  3  	  3  	0.004	0.008	0.012	0.976
 401 	  3  	  3  	0.002	0.006	0.008	0.983
 402 	  3  	  3  	0.003	0.007	0.008	0.982
 403 	  3  	  3  	0.002	0.013	0.009	0.976
 404 	  3  	  3  	0.002	0.009	0.008	0.982
 405 	  3  	  3  	0.002	0.007	0.015	0.975
 406 	  3  	  3  	0.004	0.006	0.010	0.980
 407 	  3  	  3  	0.004	0.006	0.009	0.982
 408 	  3  	  3  	0.004	0.006	0.010	0.980
 409 	  3  	  3  	0.004	0.005	0.020	0.970
 410 	  3  	  3  	0.004	0.006	0.010	0.980
 411 	  3  	  3  	0.001	0.005	0.006	0.988
 412 	  3  	  3  	0.005	0.007	0.008	0.981
 413 	  3  	  3  	0.004	0.007	0.007	0.982
 414 	  3  	  3  	0.002	0.006	0.006	0.986
 415 	  3  	  3  	0.004	0.007	0.007	0.982
 416 	  3  	  3  	0.002	0.008	0.008	0.982
 417 	  3  	  3  	0.001	0.004	0.005	0.989
 418 	  3  	  3  	0.002	0.007	0.008	0.983
 419 	  3  	  3  	0.002	0.008	0.008	0.982
 420 	  3  	  3  	0.002	0.006	0.006	0.987
 421 	  3  	  3  	0.002	0.007	0.008	0.983
 422 	  3  	  3  	0.002	0.008	0.008	0.982
 423 	  3  	  3  	0.003	0.016	0.005	0.976
 424 	  3  	  3  	0.005	0.014	0.007	0.974
 425 	  3  	  3  	0.002	0.015	0.005	0.977
 426 	  3  	  3  	0.005	0.012	0.007	0.977
 427 	  3  	  3  	0.003	0.015	0.006	0.976
 428 	  3  	  3  	0.006	0.011	0.008	0.975
 429 	  3  	  3  	0.002	0.021	0.007	0.970
 430 	  3  	  3  	0.003	0.012	0.007	0.978
 431 	  3  	  3  	0.005	0.009	0.011	0.974
 432 	  3  	  3  	0.005	0.009	0.011	0.975
 433 	  3  	  3  	0.004	0.011	0.007	0.978
 434 	  3  	  3  	0.001	0.005	0.018	0.976
 435 	  3  	  3  	0.004	0.011	0.007	0.978
 436 	  3  	  3  	0.001	0.005	0.018	0.976
 437 	  3  	  3  	0.003	0.005	0.009	0.983
 438 	  3  	  3  	0.003	0.005	0.010	0.982
 439 	  3  	  3  	0.001	0.008	0.004	0.988
 440 	  3  	  3  	0.005	0.021	0.013	0.961
 441 	  3  	  3  	0.002	0.020	0.006	0.972
 442 	  3  	  3  	0.001	0.007	0.004	0.988
 443 	  3  	  3  	0.005	0.019	0.015	0.962
 444 	  3  	  3  	0.005	0.010	0.011	0.973
 445 	  3  	  3  	0.003	0.003	0.009	0.985
 446 	  3  	  3  	0.006	0.006	0.012	0.975
 447 	  3  	  3  	0.003	0.008	0.010	0.979
 448 	  3  	  3  	0.003	0.013	0.008	0.976
 449 	  3  	  3  	0.002	0.003	0.008	0.986
 450 	  3  	  3  	0.003	0.008	0.010	0.979
 451 	  3  	  3  	0.003	0.013	0.008	0.976
 452 	  3  	  3  	0.002	0.003	0.008	0.986
 453 	  3  	  3  	0.005	0.010	0.011	0.973
 454 	  3  	  3  	0.003	0.003	0.009	0.985
 455 	  3  	  3  	0.006	0.006	0.012	0.975
 456 	  3  	  3  	0.005	0.005	0.010	0.980
 457 	  3  	  3  	0.011	0.005	0.007	0.977
 458 	  3  	  3  	0.005	0.006	0.023	0.967
 459 	  3  	  3  	0.015	0.010	0.012	0.964
 460 	  3  	  3  	0.002	0.004	0.034	0.960
 461 	  3  	  3  	0.001	0.004	0.009	0.986
 462 	  3  	  3  	0.021	0.007	0.012	0.960
 463 	  3  	  3  	0.011	0.010	0.009	0.970
 464 	  3  	  3  	0.002	0.004	0.033	0.962
 465 	  3  	  3  	0.001	0.004	0.008	0.987
 466 	  3  	  3  	0.003	0.005	0.011	0.981
 467 	  3  	  3  	0.002	0.004	0.010	0.984
 468 	  3  	  3  	0.014	0.060	0.010	0.916
 469 	  3  	  3  	0.002	0.004	0.007	0.987
 470 	  3  	  3  	0.012	0.021	0.012	0.954
 471 	  3  	  3  	0.001	0.015	0.039	0.946
 472 	  3  	  3  	0.001	0.023	0.003	0.973
 473 	  3  	  3  	0.002	0.012	0.014	0.972
 474 	  3  	  3  	0.003	0.003	0.019	0.974
 475 	  3  	  3  	0.006	0.008	0.013	0.973
 476 	  3  	  3  	0.004	0.008	0.010	0.978
 477 	  3  	  3  	0.003	0.009	0.019	0.968
 478 	  3  	  3  	0.001	0.007	0.014	0.978
 479 	  3  	  3  	0.001	0.004	0.020	0.975
 480 	  3  	  3  	0.001	0.002	0.008	0.988
 481 	  3  	  3  	0.004	0.004	0.010	0.981
 482 	  3  	  3  	0.004	0.009	0.011	0.976
 483 	  3  	  3  	0.003	0.007	0.012	0.978
 484 	  3  	  3  	0.002	0.008	0.010	0.980
 485 	  3  	  3  	0.017	0.009	0.026	0.947
 486 	  3  	  3  	0.004	0.009	0.014	0.973
 487 	  3  	  3  	0.002	0.003	0.039	0.955
 488 	  3  	  3  	0.004	0.008	0.014	0.974
 489 	  3  	  3  	0.006	0.018	0.008	0.967
 490 	  3  	  3  	0.007	0.006	0.007	0.980
 491 	  3  	  3  	0.004	0.006	0.011	0.979
 492 	  3  	  3  	0.003	0.007	0.015	0.975
 493 	  3  	  3  	0.003	0.009	0.017	0.971
 494 	  3  	  3  	0.001	0.003	0.018	0.978
 495 	  3  	  3  	0.003	0.005	0.008	0.984
 496 	  3  	  3  	0.005	0.004	0.009	0.982
 497 	  3  	  3  	0.001	0.014	0.014	0.971
 498 	  3  	  3  	0.003	0.008	0.017	0.972
 499 	  3  	  3  	0.006	0.008	0.014	0.972
 500 	  3  	  3  	0.013	0.008	0.024	0.955
 501 	  3  	  3  	0.006	0.008	0.056	0.930
 502 	  0  	  3  	0.495	0.019	0.041	0.444
 503 	  3  	  3  	0.001	0.014	0.041	0.944
 504 	  3  	  3  	0.001	0.023	0.001	0.976
 505 	  3  	  3  	0.002	0.013	0.013	0.971
 506 	  3  	  3  	0.003	0.005	0.012	0.980
 507 	  3  	  3  	0.005	0.007	0.010	0.977
 508 	  3  	  3  	0.002	0.003	0.009	0.986
 509 	  3  	  3  	0.022	0.044	0.012	0.921
 510 	  3  	  3  	0.005	0.010	0.013	0.972
 511 	  3  	  3  	0.003	0.003	0.015	0.980
 512 	  3  	  3  	0.002	0.008	0.013	0.977
 513 	  3  	  3  	0.002	0.009	0.020	0.969
 514 	  3  	  3  	0.108	0.052	0.006	0.834
 515 	  2  	  3  	0.022	0.102	0.728	0.148
 516 	  3  	  3  	0.258	0.025	0.003	0.713
 517 	  3  	  3  	0.338	0.078	0.009	0.575
 518 	  3  	  3  	0.307	0.296	0.039	0.358
 519 	  3  	  3  	0.433	0.023	0.008	0.536
 520 	  3  	  3  	0.071	0.042	0.008	0.879
 521 	  3  	  3  	0.030	0.311	0.191	0.468
 522 	  3  	  3  	0.422	0.025	0.003	0.550
 523 	  3  	  3  	0.108	0.052	0.006	0.834
 524 	  3  	  3  	0.029	0.145	0.109	0.717
 525 	  3  	  3  	0.258	0.025	0.003	0.713
 526 	  3  	  3  	0.478	0.032	0.006	0.484
 527 	  2  	  3  	0.018	0.150	0.788	0.043
 528 	  3  	  3  	0.030	0.013	0.003	0.954
 529 	  3  	  3  	0.478	0.032	0.006	0.484
 530 	  2  	  3  	0.018	0.150	0.788	0.043
 531 	  3  	  3  	0.030	0.013	0.003	0.954
 532 	  3  	  3  	0.205	0.053	0.007	0.735
 533 	  1  	  3  	0.079	0.402	0.133	0.387
 534 	  3  	  3  	0.376	0.028	0.003	0.593
 535 	  0  	  3  	0.515	0.060	0.010	0.414
 536 	  0  	  3  	0.374	0.220	0.072	0.335
 537 	  1  	  3  	0.033	0.676	0.241	0.050
 538 	  0  	  3  	0.496	0.025	0.006	0.473
 539 	  0  	  0  	0.980	0.007	0.007	0.005
 540 	  0  	  0  	0.980	0.005	0.008	0.007
 541 	  0  	  0  	0.985	0.003	0.008	0.004
 542 	  0  	  0  	0.962	0.008	0.013	0.017
 543 	  0  	  0  	0.974	0.006	0.008	0.012
 544 	  0  	  0  	0.980	0.007	0.007	0.005
 545 	  0  	  0  	0.980	0.005	0.008	0.007
 546 	  0  	  0  	0.985	0.003	0.008	0.004
 547 	  0  	  0  	0.983	0.010	0.003	0.004
 548 	  0  	  0  	0.987	0.007	0.003	0.003
 549 	  0  	  0  	0.987	0.008	0.002	0.003
 550 	  0  	  0  	0.982	0.002	0.011	0.004
 551 	  0  	  0  	0.988	0.007	0.002	0.003
 552 	  0  	  0  	0.985	0.008	0.004	0.003
 553 	  0  	  0  	0.982	0.007	0.005	0.006
 554 	  0  	  0  	0.976	0.006	0.009	0.009
 555 	  0  	  0  	0.977	0.003	0.001	0.019
 556 	  0  	  0  	0.986	0.005	0.005	0.004
 557 	  0  	  0  	0.978	0.006	0.009	0.007
 558 	  0  	  0  	0.968	0.010	0.010	0.012
 559 	  0  	  0  	0.987	0.005	0.005	0.003
 560 	  0  	  0  	0.971	0.009	0.011	0.010
 561 	  0  	  0  	0.968	0.009	0.013	0.011
 562 	  0  	  0  	0.982	0.004	0.012	0.003
 563 	  0  	  0  	0.984	0.007	0.002	0.007
 564 	  0  	  0  	0.981	0.003	0.010	0.006
 565 	  0  	  0  	0.980	0.010	0.005	0.004
 566 	  0  	  0  	0.991	0.004	0.003	0.002
 567 	  0  	  0  	0.982	0.004	0.010	0.004
 568 	  0  	  0  	0.994	0.002	0.001	0.003
 569 	  0  	  0  	0.985	0.002	0.010	0.003
 570 	  0  	  0  	0.982	0.011	0.004	0.004
 571 	  0  	  0  	0.993	0.002	0.004	0.002
 572 	  0  	  0  	0.981	0.005	0.011	0.003
 573 	  0  	  0  	0.990	0.003	0.001	0.006
 574 	  0  	  0  	0.987	0.002	0.008	0.003
 575 	  0  	  0  	0.976	0.015	0.004	0.006
 576 	  0  	  0  	0.988	0.005	0.005	0.002
 577 	  0  	  0  	0.988	0.002	0.007	0.003
 578 	  0  	  0  	0.985	0.009	0.003	0.003
 579 	  0  	  0  	0.984	0.003	0.009	0.004
 580 	  0  	  0  	0.977	0.007	0.013	0.003
 581 	  0  	  0  	0.976	0.006	0.014	0.003
 582 	  0  	  0  	0.983	0.003	0.010	0.003
 583 	  0  	  0  	0.980	0.006	0.011	0.003
 584 	  0  	  0  	0.977	0.007	0.012	0.004
 585 	  0  	  0  	0.989	0.002	0.005	0.003
 586 	  0  	  0  	0.992	0.003	0.001	0.004
 587 	  0  	  0  	0.988	0.002	0.004	0.005
 588 	  0  	  0  	0.992	0.002	0.001	0.005
 589 	  0  	  0  	0.991	0.003	0.003	0.003
 590 	  0  	  0  	0.985	0.003	0.009	0.003
 591 	  0  	  0  	0.983	0.003	0.009	0.004
 592 	  0  	  0  	0.983	0.003	0.010	0.003
 593 	  0  	  0  	0.976	0.008	0.013	0.003
 594 	  0  	  0  	0.982	0.004	0.010	0.004
 595 	  0  	  0  	0.979	0.006	0.011	0.003
 596 	  0  	  0  	0.978	0.007	0.012	0.004
 597 	  0  	  0  	0.982	0.004	0.010	0.004
 598 	  0  	  0  	0.980	0.006	0.011	0.003
 599 	  0  	  0  	0.978	0.006	0.013	0.003
 600 	  0  	  0  	0.971	0.014	0.010	0.005
 601 	  0  	  0  	0.595	0.174	0.213	0.018
 602 	  0  	  0  	0.989	0.002	0.006	0.003
 603 	  0  	  0  	0.982	0.007	0.007	0.003
 604 	  0  	  0  	0.975	0.006	0.013	0.007
 605 	  0  	  0  	0.975	0.006	0.013	0.006
 606 	  0  	  0  	0.970	0.006	0.014	0.010
 607 	  0  	  0  	0.990	0.005	0.002	0.003
 608 	  0  	  0  	0.989	0.005	0.002	0.004
 609 	  0  	  0  	0.972	0.006	0.015	0.008
 610 	  0  	  0  	0.985	0.005	0.007	0.003
 611 	  0  	  0  	0.986	0.005	0.007	0.003
 612 	  0  	  0  	0.986	0.004	0.007	0.003
 613 	  0  	  0  	0.986	0.007	0.004	0.003
 614 	  0  	  0  	0.984	0.008	0.005	0.004
 615 	  0  	  0  	0.988	0.006	0.003	0.003
 616 	  0  	  0  	0.980	0.015	0.003	0.002
 617 	  0  	  0  	0.987	0.007	0.004	0.002
 618 	  0  	  0  	0.986	0.006	0.006	0.002
 619 	  0  	  0  	0.992	0.003	0.004	0.001
 620 	  0  	  0  	0.977	0.005	0.008	0.010
 621 	  0  	  0  	0.991	0.003	0.004	0.002
 622 	  0  	  0  	0.991	0.003	0.004	0.002
 623 	  0  	  0  	0.991	0.003	0.004	0.002
 624 	  0  	  0  	0.992	0.003	0.004	0.001
 625 	  0  	  0  	0.991	0.003	0.005	0.001
 626 	  0  	  0  	0.991	0.003	0.005	0.001
 627 	  0  	  0  	0.990	0.003	0.005	0.002
 628 	  0  	  0  	0.993	0.002	0.004	0.001
 629 	  0  	  0  	0.992	0.002	0.004	0.002
 630 	  0  	  0  	0.991	0.002	0.005	0.001
 631 	  0  	  0  	0.983	0.004	0.008	0.006
 632 	  0  	  0  	0.992	0.002	0.004	0.002
 633 	  0  	  0  	0.989	0.003	0.004	0.005
 634 	  0  	  0  	0.992	0.002	0.004	0.001
 635 	  0  	  0  	0.989	0.004	0.003	0.004
 636 	  0  	  0  	0.985	0.005	0.004	0.006
 637 	  0  	  0  	0.992	0.002	0.004	0.001
 638 	  0  	  0  	0.988	0.002	0.007	0.003
 639 	  0  	  0  	0.989	0.003	0.005	0.003
 640 	  0  	  0  	0.987	0.005	0.005	0.004
 641 	  0  	  0  	0.988	0.002	0.006	0.004
 642 	  0  	  0  	0.988	0.003	0.006	0.002
 643 	  0  	  0  	0.980	0.003	0.010	0.007
 644 	  0  	  0  	0.990	0.007	0.002	0.002
 645 	  0  	  0  	0.990	0.007	0.002	0.002
 646 	  0  	  0  	0.972	0.003	0.022	0.003
 647 	  0  	  0  	0.988	0.003	0.006	0.004
 648 	  0  	  0  	0.989	0.003	0.005	0.003
 649 	  0  	  0  	0.983	0.004	0.008	0.005
 650 	  0  	  0  	0.986	0.003	0.007	0.004
 651 	  0  	  0  	0.988	0.003	0.005	0.004
 652 	  0  	  0  	0.983	0.005	0.007	0.005
 653 	  0  	  0  	0.987	0.003	0.005	0.005
 654 	  0  	  0  	0.984	0.004	0.009	0.003
 655 	  0  	  0  	0.988	0.003	0.005	0.004
 656 	  0  	  0  	0.985	0.004	0.006	0.006
 657 	  0  	  0  	0.985	0.004	0.006	0.005
 658 	  0  	  0  	0.987	0.004	0.006	0.004
 659 	  0  	  0  	0.982	0.004	0.006	0.007
 660 	  0  	  0  	0.985	0.004	0.006	0.005
 661 	  0  	  0  	0.987	0.004	0.005	0.005
 662 	  0  	  0  	0.986	0.003	0.006	0.005
 663 	  0  	  0  	0.985	0.003	0.005	0.006
 664 	  0  	  0  	0.987	0.004	0.005	0.005
 665 	  0  	  0  	0.981	0.004	0.009	0.006
 666 	  0  	  0  	0.980	0.004	0.010	0.006
 667 	  0  	  0  	0.982	0.003	0.009	0.006
 668 	  0  	  0  	0.980	0.004	0.010	0.006
 669 	  0  	  0  	0.979	0.004	0.011	0.006
 670 	  0  	  0  	0.980	0.004	0.010	0.007
 671 	  0  	  0  	0.979	0.004	0.011	0.006
 672 	  0  	  0  	0.981	0.003	0.010	0.006
 673 	  0  	  0  	0.991	0.002	0.002	0.006
 674 	  2  	  0  	0.317	0.075	0.563	0.045
 675 	  0  	  0  	0.974	0.009	0.004	0.013
 676 	  0  	  0  	0.966	0.010	0.018	0.006
 677 	  0  	  0  	0.970	0.012	0.012	0.006
 678 	  0  	  0  	0.971	0.011	0.011	0.006
 679 	  0  	  0  	0.969	0.014	0.011	0.006
 680 	  0  	  0  	0.977	0.009	0.011	0.004
 681 	  0  	  0  	0.983	0.008	0.005	0.005
 682 	  0  	  0  	0.982	0.005	0.006	0.006
 683 	  0  	  0  	0.983	0.005	0.007	0.005
 684 	  0  	  0  	0.983	0.005	0.007	0.005
 685 	  0  	  0  	0.978	0.005	0.011	0.005
 686 	  0  	  0  	0.985	0.004	0.006	0.005
 687 	  0  	  0  	0.987	0.003	0.005	0.005
 688 	  0  	  0  	0.986	0.003	0.007	0.004
 689 	  0  	  0  	0.987	0.003	0.005	0.005
 690 	  0  	  0  	0.984	0.004	0.009	0.003
 691 	  0  	  0  	0.988	0.003	0.005	0.004
 692 	  0  	  0  	0.975	0.002	0.017	0.005
 693 	  0  	  0  	0.995	0.002	0.001	0.002
 694 	  0  	  0  	0.986	0.003	0.009	0.002
 695 	  0  	  0  	0.976	0.002	0.015	0.006
 696 	  0  	  0  	0.994	0.002	0.001	0.002
 697 	  0  	  0  	0.985	0.003	0.009	0.003
 698 	  0  	  0  	0.985	0.004	0.006	0.004
 699 	  0  	  0  	0.957	0.004	0.033	0.007
 700 	  0  	  0  	0.986	0.004	0.006	0.004
 701 	  0  	  0  	0.985	0.004	0.006	0.006
 702 	  0  	  0  	0.985	0.004	0.006	0.005
 703 	  0  	  0  	0.987	0.004	0.006	0.004
 704 	  0  	  0  	0.988	0.007	0.002	0.002
 705 	  0  	  0  	0.983	0.003	0.010	0.004
 706 	  0  	  0  	0.978	0.003	0.015	0.004
 707 	  0  	  0  	0.990	0.003	0.003	0.004
 708 	  0  	  0  	0.981	0.003	0.012	0.004
 709 	  0  	  0  	0.975	0.003	0.017	0.005
 710 	  0  	  0  	0.988	0.002	0.005	0.005
 711 	  0  	  0  	0.989	0.002	0.006	0.003
 712 	  0  	  0  	0.988	0.007	0.002	0.002
 713 	  0  	  0  	0.988	0.002	0.007	0.003
 714 	  0  	  0  	0.985	0.010	0.002	0.003
 715 	  0  	  0  	0.988	0.005	0.005	0.002
 716 	  0  	  0  	0.980	0.003	0.013	0.004
 717 	  0  	  0  	0.992	0.003	0.003	0.003
 718 	  0  	  0  	0.991	0.003	0.002	0.004
 719 	  0  	  0  	0.988	0.003	0.002	0.006
 720 	  0  	  0  	0.990	0.003	0.002	0.005
 721 	  0  	  0  	0.901	0.019	0.016	0.064
 722 	  0  	  0  	0.989	0.003	0.002	0.005
 723 	  0  	  0  	0.884	0.020	0.011	0.085
 724 	  0  	  0  	0.989	0.004	0.002	0.005
 725 	  0  	  0  	0.986	0.004	0.006	0.004
 726 	  0  	  0  	0.983	0.003	0.009	0.004
 727 	  0  	  0  	0.982	0.005	0.007	0.006
 728 	  0  	  0  	0.987	0.004	0.006	0.004
 729 	  0  	  0  	0.986	0.001	0.008	0.004
 730 	  0  	  0  	0.984	0.004	0.008	0.004
 731 	  0  	  0  	0.986	0.003	0.007	0.004
 732 	  0  	  0  	0.985	0.001	0.009	0.005
 733 	  0  	  0  	0.983	0.004	0.008	0.005
 734 	  0  	  0  	0.986	0.004	0.006	0.004
 735 	  0  	  0  	0.983	0.003	0.010	0.004
 736 	  0  	  0  	0.981	0.005	0.008	0.006
 737 	  0  	  0  	0.982	0.003	0.006	0.008
 738 	  0  	  0  	0.989	0.004	0.004	0.004
 739 	  0  	  0  	0.993	0.002	0.002	0.003
 740 	  0  	  0  	0.985	0.004	0.005	0.006
 741 	  0  	  0  	0.988	0.004	0.004	0.005
 742 	  0  	  0  	0.970	0.005	0.021	0.004
 743 	  0  	  0  	0.982	0.007	0.004	0.008
 744 	  0  	  0  	0.904	0.005	0.084	0.007
 745 	  0  	  0  	0.972	0.009	0.016	0.003
 746 	  0  	  0  	0.981	0.009	0.003	0.006
 747 	  0  	  0  	0.944	0.006	0.043	0.008
 748 	  0  	  0  	0.983	0.006	0.008	0.003
 749 	  0  	  0  	0.975	0.005	0.013	0.007
 750 	  0  	  0  	0.978	0.004	0.012	0.006
 751 	  0  	  0  	0.980	0.005	0.009	0.006
 752 	  0  	  0  	0.996	0.002	0.001	0.001
 753 	  0  	  0  	0.975	0.005	0.013	0.007
 754 	  0  	  0  	0.977	0.005	0.010	0.008
 755 	  0  	  0  	0.992	0.005	0.002	0.002
 756 	  0  	  0  	0.978	0.004	0.012	0.006
 757 	  0  	  0  	0.990	0.004	0.003	0.003
 758 	  0  	  0  	0.989	0.007	0.002	0.002
 759 	  0  	  0  	0.981	0.009	0.004	0.006
 760 	  0  	  0  	0.985	0.004	0.006	0.005
 761 	  0  	  0  	0.983	0.011	0.003	0.002
 762 	  0  	  0  	0.978	0.007	0.007	0.008
 763 	  0  	  0  	0.987	0.005	0.006	0.003
 764 	  0  	  0  	0.986	0.005	0.006	0.003
 765 	  0  	  0  	0.983	0.004	0.005	0.008
 766 	  0  	  0  	0.989	0.005	0.003	0.003
 767 	  0  	  0  	0.981	0.005	0.005	0.009
 768 	  0  	  0  	0.988	0.005	0.004	0.004
 769 	  0  	  0  	0.901	0.077	0.013	0.009
 770 	  0  	  0  	0.991	0.007	0.001	0.001
 771 	  0  	  0  	0.987	0.005	0.006	0.003
 772 	  0  	  0  	0.988	0.009	0.001	0.001
 773 	  0  	  0  	0.986	0.005	0.006	0.003
 774 	  0  	  0  	0.981	0.004	0.006	0.009
 775 	  0  	  0  	0.983	0.003	0.006	0.008
 776 	  0  	  0  	0.983	0.004	0.005	0.008
 777 	  0  	  0  	0.989	0.005	0.003	0.003
 778 	  0  	  0  	0.980	0.004	0.007	0.010
 779 	  0  	  0  	0.981	0.005	0.005	0.009
 780 	  0  	  0  	0.988	0.005	0.004	0.004
 781 	  0  	  0  	0.970	0.008	0.009	0.013
 782 	  0  	  0  	0.971	0.009	0.009	0.011
 783 	  0  	  0  	0.971	0.008	0.009	0.012
 784 	  0  	  0  	0.971	0.009	0.008	0.012
 785 	  0  	  0  	0.967	0.010	0.008	0.015
 786 	  0  	  0  	0.977	0.007	0.007	0.008
 787 	  0  	  0  	0.993	0.001	0.004	0.003
 788 	  0  	  0  	0.994	0.001	0.003	0.003
 789 	  0  	  0  	0.982	0.008	0.005	0.005
 790 	  0  	  0  	0.985	0.004	0.005	0.006
 791 	  0  	  0  	0.984	0.004	0.006	0.006
 792 	  0  	  0  	0.982	0.006	0.006	0.005
 793 	  0  	  0  	0.985	0.004	0.005	0.006
 794 	  0  	  0  	0.981	0.008	0.006	0.005
 795 	  0  	  0  	0.986	0.004	0.004	0.006
 796 	  0  	  0  	0.991	0.003	0.005	0.002
 797 	  0  	  0  	0.980	0.005	0.006	0.009
 798 	  0  	  0  	0.988	0.007	0.004	0.002
 799 	  0  	  0  	0.977	0.008	0.008	0.007
 800 	  0  	  0  	0.989	0.005	0.004	0.002
 801 	  0  	  0  	0.975	0.006	0.011	0.008
 802 	  0  	  0  	0.993	0.002	0.004	0.001
 803 	  0  	  0  	0.968	0.008	0.010	0.014
 804 	  0  	  0  	0.967	0.007	0.009	0.016
 805 	  0  	  0  	0.969	0.009	0.008	0.014
 806 	  0  	  0  	0.994	0.002	0.003	0.001
 807 	  0  	  0  	0.985	0.004	0.008	0.003
 808 	  0  	  0  	0.991	0.004	0.003	0.002
 809 	  0  	  0  	0.989	0.002	0.006	0.003
 810 	  0  	  0  	0.984	0.006	0.006	0.004
 811 	  0  	  0  	0.983	0.006	0.005	0.006
 812 	  0  	  0  	0.983	0.005	0.006	0.006
 813 	  0  	  0  	0.957	0.009	0.015	0.018
 814 	  0  	  0  	0.990	0.003	0.005	0.002
 815 	  0  	  0  	0.982	0.005	0.005	0.008
 816 	  0  	  0  	0.966	0.012	0.016	0.005
 817 	  0  	  0  	0.982	0.007	0.006	0.005
 818 	  0  	  0  	0.978	0.006	0.008	0.009
 819 	  0  	  0  	0.954	0.007	0.001	0.038
 820 	  0  	  0  	0.990	0.002	0.002	0.006
 821 	  2  	  0  	0.404	0.059	0.499	0.039
 822 	  0  	  0  	0.989	0.002	0.003	0.006
 823 	  0  	  0  	0.662	0.062	0.217	0.059
 824 	  0  	  0  	0.970	0.006	0.009	0.014
 825 	  0  	  0  	0.972	0.006	0.008	0.013
 826 	  0  	  0  	0.974	0.007	0.007	0.012
 827 	  0  	  0  	0.991	0.002	0.005	0.001
 828 	  0  	  0  	0.992	0.002	0.004	0.002
 829 	  0  	  0  	0.982	0.004	0.010	0.003
 830 	  0  	  0  	0.990	0.003	0.005	0.002
 831 	  0  	  0  	0.987	0.002	0.007	0.004
 832 	  0  	  0  	0.989	0.006	0.002	0.002
 833 	  0  	  0  	0.984	0.005	0.006	0.006
 834 	  0  	  0  	0.982	0.005	0.006	0.006
 835 	  0  	  0  	0.983	0.014	0.001	0.002
 836 	  0  	  0  	0.991	0.004	0.003	0.002
 837 	  0  	  0  	0.970	0.024	0.004	0.003
 838 	  0  	  0  	0.991	0.004	0.003	0.002
 839 	  0  	  0  	0.992	0.003	0.004	0.001
 840 	  0  	  0  	0.982	0.004	0.005	0.008
 841 	  0  	  0  	0.989	0.003	0.006	0.002
 842 	  0  	  0  	0.980	0.003	0.010	0.007
 843 	  2  	  0  	0.007	0.116	0.841	0.036
 844 	  0  	  0  	0.960	0.024	0.009	0.008
 845 	  2  	  0  	0.001	0.127	0.853	0.019
 846 	  2  	  0  	0.000	0.030	0.958	0.012
 847 	  2  	  0  	0.036	0.156	0.797	0.010
 848 	  0  	  0  	0.855	0.003	0.138	0.004
 849 	  2  	  0  	0.036	0.156	0.797	0.010
 850 	  0  	  0  	0.855	0.003	0.138	0.004
 851 	  2  	  0  	0.033	0.119	0.840	0.008
 852 	  0  	  0  	0.800	0.005	0.192	0.003
 853 	  2  	  0  	0.012	0.145	0.804	0.038
 854 	  0  	  0  	0.953	0.003	0.015	0.029
