  no	pred	real	Good	Contact	Radius	Hole
  0  	  1  	  1  	0.004	0.973	0.016	0.007	
  1  	  1  	  1  	0.003	0.959	0.030	0.008	
  2  	  1  	  1  	0.004	0.970	0.012	0.014	
  3  	  1  	  1  	0.004	0.949	0.033	0.013	
  4  	  1  	  1  	0.004	0.973	0.016	0.007	
  5  	  1  	  1  	0.003	0.959	0.030	0.008	
  6  	  1  	  1  	0.004	0.833	0.124	0.039	
  7  	  1  	  1  	0.005	0.966	0.018	0.011	
  8  	  1  	  1  	0.006	0.810	0.152	0.032	
  9  	  1  	  1  	0.003	0.934	0.049	0.014	
 10  	  1  	  1  	0.002	0.981	0.006	0.010	
 11  	  1  	  1  	0.003	0.964	0.021	0.012	
 12  	  1  	  1  	0.006	0.910	0.056	0.029	
 13  	  1  	  1  	0.001	0.989	0.003	0.007	
 14  	  1  	  1  	0.003	0.954	0.019	0.024	
 15  	  1  	  1  	0.005	0.966	0.010	0.019	
 16  	  1  	  1  	0.004	0.969	0.010	0.018	
 17  	  1  	  1  	0.007	0.934	0.041	0.017	
 18  	  3  	  1  	0.003	0.147	0.002	0.848	
 19  	  1  	  1  	0.001	0.972	0.000	0.027	
 20  	  1  	  1  	0.001	0.986	0.001	0.012	
 21  	  1  	  1  	0.001	0.990	0.000	0.009	
 22  	  1  	  1  	0.003	0.931	0.053	0.012	
 23  	  1  	  1  	0.002	0.951	0.036	0.011	
 24  	  1  	  1  	0.006	0.904	0.072	0.018	
 25  	  1  	  1  	0.004	0.976	0.009	0.011	
 26  	  1  	  1  	0.005	0.970	0.014	0.011	
 27  	  1  	  1  	0.003	0.973	0.012	0.012	
 28  	  1  	  1  	0.004	0.975	0.011	0.011	
 29  	  1  	  1  	0.005	0.967	0.016	0.013	
 30  	  1  	  1  	0.002	0.965	0.013	0.020	
 31  	  1  	  1  	0.004	0.974	0.011	0.011	
 32  	  1  	  1  	0.003	0.979	0.008	0.010	
 33  	  1  	  1  	0.005	0.966	0.017	0.012	
 34  	  1  	  1  	0.004	0.965	0.017	0.014	
 35  	  1  	  1  	0.004	0.975	0.012	0.010	
 36  	  1  	  1  	0.004	0.970	0.013	0.014	
 37  	  1  	  1  	0.003	0.968	0.014	0.015	
 38  	  1  	  1  	0.002	0.977	0.007	0.014	
 39  	  1  	  1  	0.003	0.963	0.017	0.017	
 40  	  1  	  1  	0.002	0.989	0.003	0.007	
 41  	  1  	  1  	0.002	0.986	0.003	0.009	
 42  	  1  	  1  	0.003	0.967	0.016	0.015	
 43  	  1  	  1  	0.003	0.963	0.017	0.017	
 44  	  1  	  1  	0.002	0.989	0.003	0.007	
 45  	  1  	  1  	0.002	0.986	0.003	0.009	
 46  	  1  	  1  	0.002	0.972	0.011	0.014	
 47  	  1  	  1  	0.003	0.952	0.023	0.021	
 48  	  1  	  1  	0.002	0.989	0.004	0.006	
 49  	  1  	  1  	0.002	0.987	0.003	0.008	
 50  	  1  	  1  	0.002	0.988	0.003	0.008	
 51  	  1  	  1  	0.002	0.961	0.018	0.018	
 52  	  1  	  1  	0.002	0.970	0.013	0.014	
 53  	  1  	  1  	0.002	0.973	0.012	0.013	
 54  	  1  	  1  	0.002	0.961	0.018	0.018	
 55  	  1  	  1  	0.002	0.970	0.013	0.014	
 56  	  1  	  1  	0.002	0.973	0.012	0.013	
 57  	  1  	  1  	0.002	0.963	0.018	0.017	
 58  	  1  	  1  	0.002	0.976	0.009	0.013	
 59  	  1  	  1  	0.003	0.921	0.059	0.016	
 60  	  1  	  1  	0.002	0.987	0.003	0.009	
 61  	  2  	  1  	0.008	0.216	0.760	0.016	
 62  	  1  	  1  	0.010	0.818	0.150	0.022	
 63  	  1  	  1  	0.005	0.809	0.031	0.154	
 64  	  2  	  1  	0.008	0.216	0.760	0.016	
 65  	  1  	  1  	0.005	0.821	0.039	0.135	
 66  	  1  	  1  	0.001	0.988	0.003	0.007	
 67  	  1  	  1  	0.006	0.460	0.256	0.279	
 68  	  1  	  1  	0.002	0.982	0.003	0.013	
 69  	  1  	  1  	0.005	0.724	0.184	0.088	
 70  	  1  	  1  	0.011	0.823	0.150	0.016	
 71  	  2  	  1  	0.008	0.390	0.581	0.021	
 72  	  1  	  1  	0.006	0.957	0.031	0.007	
 73  	  2  	  1  	0.012	0.460	0.510	0.018	
 74  	  1  	  1  	0.007	0.908	0.076	0.009	
 75  	  1  	  1  	0.010	0.763	0.184	0.043	
 76  	  1  	  1  	0.006	0.957	0.031	0.007	
 77  	  1  	  1  	0.007	0.908	0.076	0.009	
 78  	  1  	  1  	0.005	0.938	0.036	0.021	
 79  	  1  	  1  	0.003	0.970	0.012	0.015	
 80  	  1  	  1  	0.005	0.945	0.031	0.019	
 81  	  1  	  1  	0.003	0.969	0.014	0.014	
 82  	  1  	  1  	0.004	0.944	0.030	0.023	
 83  	  1  	  1  	0.003	0.972	0.012	0.013	
 84  	  1  	  1  	0.001	0.986	0.006	0.007	
 85  	  1  	  1  	0.003	0.971	0.015	0.011	
 86  	  1  	  1  	0.004	0.957	0.019	0.021	
 87  	  1  	  1  	0.003	0.973	0.014	0.010	
 88  	  1  	  1  	0.001	0.986	0.005	0.007	
 89  	  1  	  1  	0.004	0.970	0.016	0.011	
 90  	  1  	  1  	0.002	0.973	0.011	0.014	
 91  	  1  	  1  	0.002	0.983	0.003	0.011	
 92  	  1  	  1  	0.002	0.965	0.017	0.016	
 93  	  1  	  1  	0.002	0.980	0.008	0.010	
 94  	  1  	  1  	0.002	0.982	0.006	0.010	
 95  	  1  	  1  	0.003	0.964	0.016	0.017	
 96  	  1  	  1  	0.003	0.964	0.017	0.016	
 97  	  1  	  1  	0.003	0.963	0.018	0.016	
 98  	  1  	  1  	0.003	0.975	0.011	0.012	
 99  	  1  	  1  	0.002	0.961	0.019	0.018	
 100 	  1  	  1  	0.002	0.978	0.009	0.010	
 101 	  1  	  1  	0.001	0.973	0.014	0.011	
 102 	  1  	  1  	0.002	0.966	0.022	0.010	
 103 	  1  	  1  	0.007	0.954	0.023	0.017	
 104 	  1  	  1  	0.004	0.961	0.021	0.014	
 105 	  1  	  1  	0.003	0.972	0.004	0.021	
 106 	  1  	  1  	0.005	0.876	0.071	0.048	
 107 	  1  	  1  	0.006	0.922	0.054	0.018	
 108 	  1  	  1  	0.001	0.985	0.001	0.012	
 109 	  1  	  1  	0.001	0.988	0.003	0.008	
 110 	  1  	  1  	0.003	0.965	0.015	0.018	
 111 	  1  	  1  	0.002	0.960	0.021	0.016	
 112 	  1  	  1  	0.002	0.969	0.011	0.017	
 113 	  1  	  1  	0.012	0.796	0.176	0.016	
 114 	  2  	  1  	0.002	0.159	0.819	0.020	
 115 	  1  	  1  	0.011	0.505	0.467	0.016	
 116 	  2  	  1  	0.008	0.193	0.780	0.019	
 117 	  1  	  1  	0.001	0.976	0.004	0.018	
 118 	  1  	  1  	0.003	0.972	0.013	0.012	
 119 	  1  	  1  	0.002	0.971	0.012	0.014	
 120 	  1  	  1  	0.002	0.988	0.005	0.006	
 121 	  1  	  1  	0.002	0.978	0.007	0.012	
 122 	  1  	  1  	0.003	0.974	0.011	0.012	
 123 	  1  	  1  	0.002	0.970	0.015	0.013	
 124 	  1  	  1  	0.002	0.989	0.003	0.006	
 125 	  1  	  1  	0.002	0.977	0.008	0.012	
 126 	  1  	  1  	0.002	0.967	0.016	0.015	
 127 	  1  	  1  	0.003	0.966	0.015	0.017	
 128 	  1  	  1  	0.002	0.992	0.001	0.005	
 129 	  1  	  1  	0.002	0.976	0.009	0.013	
 130 	  1  	  1  	0.003	0.968	0.014	0.015	
 131 	  1  	  1  	0.003	0.964	0.020	0.013	
 132 	  1  	  1  	0.001	0.990	0.001	0.008	
 133 	  1  	  1  	0.002	0.987	0.003	0.009	
 134 	  1  	  1  	0.002	0.978	0.008	0.012	
 135 	  1  	  1  	0.002	0.966	0.016	0.016	
 136 	  1  	  1  	0.003	0.966	0.016	0.015	
 137 	  1  	  1  	0.002	0.987	0.000	0.011	
 138 	  1  	  1  	0.012	0.848	0.125	0.016	
 139 	  2  	  1  	0.002	0.139	0.844	0.015	
 140 	  1  	  1  	0.007	0.923	0.064	0.007	
 141 	  2  	  1  	0.008	0.391	0.576	0.024	
 142 	  2  	  1  	0.011	0.438	0.525	0.027	
 143 	  2  	  1  	0.005	0.028	0.838	0.130	
 144 	  1  	  1  	0.009	0.545	0.419	0.027	
 145 	  2  	  1  	0.010	0.449	0.510	0.032	
 146 	  2  	  2  	0.011	0.230	0.746	0.012	
 147 	  2  	  2  	0.003	0.008	0.983	0.006	
 148 	  2  	  2  	0.003	0.008	0.980	0.008	
 149 	  2  	  2  	0.004	0.012	0.977	0.007	
 150 	  2  	  2  	0.001	0.005	0.988	0.006	
 151 	  2  	  2  	0.004	0.009	0.968	0.020	
 152 	  2  	  2  	0.001	0.001	0.992	0.005	
 153 	  2  	  2  	0.002	0.002	0.993	0.004	
 154 	  2  	  2  	0.001	0.001	0.992	0.005	
 155 	  2  	  2  	0.002	0.002	0.992	0.004	
 156 	  2  	  2  	0.002	0.004	0.978	0.016	
 157 	  2  	  2  	0.002	0.002	0.994	0.002	
 158 	  2  	  2  	0.122	0.007	0.857	0.014	
 159 	  2  	  2  	0.030	0.009	0.942	0.018	
 160 	  2  	  2  	0.032	0.009	0.937	0.021	
 161 	  2  	  2  	0.033	0.009	0.952	0.006	
 162 	  2  	  2  	0.007	0.014	0.973	0.005	
 163 	  2  	  2  	0.007	0.017	0.971	0.006	
 164 	  2  	  2  	0.001	0.001	0.992	0.006	
 165 	  2  	  2  	0.003	0.009	0.967	0.021	
 166 	  2  	  2  	0.002	0.005	0.977	0.015	
 167 	  2  	  2  	0.004	0.011	0.981	0.004	
 168 	  2  	  2  	0.002	0.001	0.963	0.033	
 169 	  2  	  2  	0.002	0.001	0.974	0.023	
 170 	  2  	  2  	0.004	0.017	0.972	0.008	
 171 	  2  	  2  	0.005	0.043	0.944	0.007	
 172 	  2  	  2  	0.005	0.048	0.937	0.010	
 173 	  2  	  2  	0.004	0.018	0.971	0.007	
 174 	  2  	  2  	0.002	0.010	0.982	0.006	
 175 	  2  	  2  	0.002	0.009	0.986	0.003	
 176 	  2  	  2  	0.006	0.010	0.978	0.006	
 177 	  2  	  2  	0.016	0.020	0.959	0.005	
 178 	  2  	  2  	0.008	0.014	0.971	0.007	
 179 	  2  	  2  	0.009	0.014	0.971	0.006	
 180 	  2  	  2  	0.012	0.020	0.960	0.008	
 181 	  2  	  2  	0.006	0.010	0.978	0.006	
 182 	  2  	  2  	0.016	0.010	0.970	0.005	
 183 	  2  	  2  	0.006	0.010	0.978	0.005	
 184 	  2  	  2  	0.009	0.016	0.969	0.006	
 185 	  2  	  2  	0.006	0.009	0.980	0.005	
 186 	  2  	  2  	0.003	0.007	0.965	0.025	
 187 	  2  	  2  	0.003	0.015	0.921	0.061	
 188 	  2  	  2  	0.003	0.006	0.968	0.023	
 189 	  2  	  2  	0.007	0.010	0.981	0.003	
 190 	  2  	  2  	0.008	0.015	0.975	0.002	
 191 	  2  	  2  	0.071	0.020	0.901	0.009	
 192 	  2  	  2  	0.054	0.017	0.921	0.008	
 193 	  2  	  2  	0.001	0.001	0.993	0.004	
 194 	  2  	  2  	0.002	0.004	0.986	0.008	
 195 	  2  	  2  	0.001	0.002	0.992	0.005	
 196 	  2  	  2  	0.002	0.001	0.992	0.005	
 197 	  2  	  2  	0.002	0.002	0.991	0.005	
 198 	  2  	  2  	0.002	0.002	0.990	0.006	
 199 	  2  	  2  	0.001	0.001	0.993	0.004	
 200 	  2  	  2  	0.003	0.015	0.966	0.016	
 201 	  2  	  2  	0.002	0.002	0.990	0.006	
 202 	  2  	  2  	0.002	0.010	0.978	0.011	
 203 	  2  	  2  	0.003	0.015	0.966	0.016	
 204 	  2  	  2  	0.003	0.008	0.973	0.017	
 205 	  2  	  2  	0.045	0.046	0.902	0.006	
 206 	  2  	  2  	0.049	0.043	0.903	0.006	
 207 	  2  	  2  	0.060	0.059	0.874	0.007	
 208 	  2  	  2  	0.013	0.026	0.958	0.004	
 209 	  2  	  2  	0.009	0.004	0.980	0.006	
 210 	  2  	  2  	0.002	0.003	0.990	0.005	
 211 	  2  	  2  	0.004	0.022	0.965	0.010	
 212 	  2  	  2  	0.002	0.003	0.990	0.005	
 213 	  2  	  2  	0.002	0.002	0.992	0.004	
 214 	  2  	  2  	0.002	0.001	0.984	0.012	
 215 	  2  	  2  	0.002	0.006	0.975	0.016	
 216 	  2  	  2  	0.002	0.012	0.971	0.014	
 217 	  2  	  2  	0.002	0.006	0.975	0.016	
 218 	  2  	  2  	0.002	0.012	0.971	0.014	
 219 	  2  	  2  	0.002	0.024	0.967	0.007	
 220 	  2  	  2  	0.002	0.005	0.989	0.004	
 221 	  2  	  2  	0.001	0.001	0.995	0.004	
 222 	  2  	  2  	0.002	0.011	0.981	0.007	
 223 	  2  	  2  	0.001	0.001	0.993	0.005	
 224 	  2  	  2  	0.002	0.005	0.989	0.004	
 225 	  2  	  2  	0.002	0.011	0.981	0.007	
 226 	  2  	  2  	0.011	0.213	0.711	0.065	
 227 	  2  	  2  	0.004	0.008	0.941	0.047	
 228 	  2  	  2  	0.003	0.005	0.977	0.015	
 229 	  2  	  2  	0.004	0.035	0.921	0.039	
 230 	  2  	  2  	0.004	0.010	0.962	0.024	
 231 	  2  	  2  	0.004	0.010	0.962	0.024	
 232 	  2  	  2  	0.003	0.005	0.977	0.015	
 233 	  2  	  2  	0.002	0.004	0.992	0.002	
 234 	  2  	  2  	0.004	0.044	0.945	0.007	
 235 	  2  	  2  	0.002	0.004	0.992	0.002	
 236 	  2  	  2  	0.005	0.078	0.909	0.008	
 237 	  2  	  2  	0.003	0.006	0.969	0.022	
 238 	  2  	  2  	0.004	0.044	0.941	0.011	
 239 	  2  	  2  	0.002	0.009	0.962	0.027	
 240 	  2  	  2  	0.002	0.002	0.985	0.011	
 241 	  2  	  2  	0.010	0.183	0.675	0.132	
 242 	  2  	  2  	0.002	0.006	0.979	0.013	
 243 	  1  	  2  	0.018	0.362	0.309	0.310	
 244 	  2  	  2  	0.002	0.001	0.992	0.005	
 245 	  2  	  2  	0.001	0.008	0.985	0.006	
 246 	  2  	  2  	0.002	0.004	0.980	0.015	
 247 	  2  	  2  	0.003	0.008	0.812	0.177	
 248 	  2  	  2  	0.002	0.004	0.974	0.020	
 249 	  2  	  2  	0.019	0.247	0.650	0.084	
 250 	  2  	  2  	0.001	0.001	0.991	0.007	
 251 	  2  	  2  	0.001	0.009	0.984	0.005	
 252 	  2  	  2  	0.003	0.006	0.983	0.008	
 253 	  2  	  2  	0.003	0.006	0.963	0.028	
 254 	  2  	  2  	0.002	0.004	0.990	0.004	
 255 	  2  	  2  	0.001	0.002	0.994	0.002	
 256 	  1  	  2  	0.005	0.502	0.483	0.010	
 257 	  2  	  2  	0.003	0.006	0.967	0.024	
 258 	  2  	  2  	0.001	0.004	0.990	0.004	
 259 	  2  	  2  	0.002	0.002	0.994	0.002	
 260 	  2  	  2  	0.007	0.012	0.979	0.003	
 261 	  3  	  3  	0.003	0.003	0.004	0.989	
 262 	  3  	  3  	0.003	0.002	0.005	0.990	
 263 	  3  	  3  	0.001	0.011	0.005	0.983	
 264 	  3  	  3  	0.000	0.004	0.001	0.995	
 265 	  3  	  3  	0.001	0.010	0.005	0.985	
 266 	  3  	  3  	0.001	0.011	0.006	0.982	
 267 	  3  	  3  	0.008	0.003	0.003	0.987	
 268 	  3  	  3  	0.003	0.009	0.006	0.982	
 269 	  3  	  3  	0.002	0.008	0.005	0.985	
 270 	  3  	  3  	0.003	0.010	0.006	0.981	
 271 	  3  	  3  	0.001	0.007	0.004	0.988	
 272 	  3  	  3  	0.003	0.010	0.006	0.981	
 273 	  3  	  3  	0.003	0.009	0.004	0.984	
 274 	  3  	  3  	0.001	0.006	0.003	0.989	
 275 	  3  	  3  	0.002	0.008	0.005	0.986	
 276 	  3  	  3  	0.001	0.007	0.004	0.987	
 277 	  3  	  3  	0.001	0.010	0.004	0.985	
 278 	  3  	  3  	0.001	0.007	0.004	0.988	
 279 	  3  	  3  	0.002	0.008	0.004	0.986	
 280 	  3  	  3  	0.002	0.008	0.004	0.987	
 281 	  3  	  3  	0.002	0.008	0.004	0.986	
 282 	  3  	  3  	0.003	0.009	0.006	0.982	
 283 	  3  	  3  	0.006	0.003	0.002	0.989	
 284 	  3  	  3  	0.001	0.003	0.007	0.989	
 285 	  3  	  3  	0.003	0.008	0.074	0.915	
 286 	  3  	  3  	0.003	0.009	0.075	0.913	
 287 	  3  	  3  	0.000	0.000	0.000	1.000	
 288 	  3  	  3  	0.001	0.007	0.005	0.987	
 289 	  3  	  3  	0.002	0.005	0.031	0.962	
 290 	  3  	  3  	0.001	0.003	0.008	0.988	
 291 	  3  	  3  	0.001	0.009	0.003	0.986	
 292 	  3  	  3  	0.001	0.007	0.003	0.990	
 293 	  3  	  3  	0.001	0.005	0.003	0.992	
 294 	  3  	  3  	0.001	0.013	0.001	0.986	
 295 	  3  	  3  	0.000	0.001	0.004	0.995	
 296 	  3  	  3  	0.000	0.006	0.001	0.993	
 297 	  3  	  3  	0.008	0.031	0.005	0.956	
 298 	  3  	  3  	0.001	0.009	0.002	0.988	
 299 	  3  	  3  	0.001	0.002	0.004	0.993	
 300 	  3  	  3  	0.007	0.047	0.003	0.943	
 301 	  3  	  3  	0.058	0.021	0.018	0.903	
 302 	  3  	  3  	0.001	0.007	0.001	0.991	
 303 	  3  	  3  	0.003	0.002	0.005	0.990	
 304 	  3  	  3  	0.001	0.006	0.002	0.992	
 305 	  3  	  3  	0.022	0.050	0.012	0.917	
 306 	  3  	  3  	0.001	0.028	0.001	0.970	
 307 	  3  	  3  	0.000	0.002	0.003	0.995	
 308 	  3  	  3  	0.001	0.006	0.003	0.990	
 309 	  3  	  3  	0.004	0.017	0.005	0.974	
 310 	  3  	  3  	0.001	0.004	0.003	0.992	
 311 	  3  	  3  	0.003	0.004	0.003	0.990	
 312 	  3  	  3  	0.001	0.009	0.003	0.987	
 313 	  3  	  3  	0.001	0.008	0.004	0.987	
 314 	  3  	  3  	0.001	0.007	0.002	0.990	
 315 	  3  	  3  	0.001	0.007	0.003	0.989	
 316 	  3  	  3  	0.002	0.003	0.003	0.992	
 317 	  3  	  3  	0.005	0.003	0.004	0.988	
 318 	  3  	  3  	0.004	0.003	0.006	0.987	
 319 	  3  	  3  	0.002	0.010	0.007	0.981	
 320 	  3  	  3  	0.008	0.004	0.007	0.980	
 321 	  3  	  3  	0.004	0.004	0.015	0.976	
 322 	  3  	  3  	0.004	0.003	0.004	0.989	
 323 	  3  	  3  	0.017	0.043	0.003	0.937	
 324 	  3  	  3  	0.004	0.004	0.005	0.986	
 325 	  3  	  3  	0.002	0.002	0.004	0.991	
 326 	  3  	  3  	0.004	0.004	0.005	0.987	
 327 	  3  	  3  	0.008	0.021	0.009	0.962	
 328 	  3  	  3  	0.004	0.003	0.012	0.981	
 329 	  3  	  3  	0.001	0.004	0.002	0.993	
 330 	  3  	  3  	0.003	0.003	0.002	0.992	
 331 	  3  	  3  	0.023	0.077	0.004	0.896	
 332 	  3  	  3  	0.003	0.003	0.016	0.979	
 333 	  3  	  3  	0.001	0.002	0.004	0.993	
 334 	  3  	  3  	0.003	0.003	0.007	0.986	
 335 	  3  	  3  	0.100	0.097	0.007	0.796	
 336 	  3  	  3  	0.003	0.005	0.006	0.986	
 337 	  3  	  3  	0.002	0.002	0.004	0.992	
 338 	  3  	  3  	0.002	0.003	0.003	0.992	
 339 	  3  	  3  	0.047	0.098	0.003	0.852	
 340 	  3  	  3  	0.002	0.004	0.004	0.991	
 341 	  3  	  3  	0.002	0.003	0.004	0.992	
 342 	  3  	  3  	0.003	0.003	0.003	0.991	
 343 	  3  	  3  	0.035	0.026	0.004	0.935	
 344 	  3  	  3  	0.004	0.005	0.004	0.987	
 345 	  3  	  3  	0.002	0.003	0.003	0.991	
 346 	  3  	  3  	0.001	0.002	0.002	0.995	
 347 	  3  	  3  	0.004	0.005	0.003	0.988	
 348 	  3  	  3  	0.003	0.003	0.004	0.990	
 349 	  3  	  3  	0.001	0.007	0.004	0.988	
 350 	  3  	  3  	0.000	0.011	0.013	0.976	
 351 	  3  	  3  	0.000	0.007	0.008	0.984	
 352 	  3  	  3  	0.001	0.006	0.003	0.990	
 353 	  3  	  3  	0.002	0.006	0.002	0.990	
 354 	  3  	  3  	0.001	0.005	0.003	0.991	
 355 	  3  	  3  	0.001	0.007	0.003	0.989	
 356 	  3  	  3  	0.001	0.008	0.004	0.987	
 357 	  3  	  3  	0.001	0.006	0.003	0.991	
 358 	  3  	  3  	0.003	0.016	0.004	0.977	
 359 	  3  	  3  	0.003	0.021	0.004	0.972	
 360 	  3  	  3  	0.001	0.006	0.003	0.990	
 361 	  3  	  3  	0.001	0.009	0.003	0.987	
 362 	  3  	  3  	0.001	0.009	0.003	0.987	
 363 	  3  	  3  	0.001	0.007	0.003	0.990	
 364 	  3  	  3  	0.001	0.007	0.003	0.990	
 365 	  3  	  3  	0.001	0.010	0.003	0.986	
 366 	  3  	  3  	0.000	0.006	0.002	0.992	
 367 	  3  	  3  	0.001	0.007	0.002	0.991	
 368 	  3  	  3  	0.001	0.009	0.003	0.987	
 369 	  3  	  3  	0.000	0.007	0.002	0.991	
 370 	  3  	  3  	0.001	0.010	0.003	0.986	
 371 	  3  	  3  	0.000	0.006	0.002	0.992	
 372 	  3  	  3  	0.001	0.009	0.003	0.987	
 373 	  3  	  3  	0.001	0.007	0.003	0.990	
 374 	  3  	  3  	0.001	0.007	0.003	0.990	
 375 	  3  	  3  	0.001	0.008	0.003	0.989	
 376 	  3  	  3  	0.002	0.014	0.002	0.981	
 377 	  3  	  3  	0.003	0.015	0.002	0.980	
 378 	  3  	  3  	0.010	0.012	0.002	0.976	
 379 	  3  	  3  	0.002	0.014	0.002	0.981	
 380 	  3  	  3  	0.002	0.014	0.002	0.982	
 381 	  3  	  3  	0.001	0.008	0.002	0.988	
 382 	  3  	  3  	0.001	0.008	0.003	0.987	
 383 	  3  	  3  	0.000	0.004	0.001	0.995	
 384 	  3  	  3  	0.000	0.003	0.001	0.996	
 385 	  3  	  3  	0.001	0.006	0.003	0.990	
 386 	  3  	  3  	0.002	0.006	0.002	0.990	
 387 	  3  	  3  	0.001	0.005	0.003	0.991	
 388 	  3  	  3  	0.001	0.008	0.003	0.988	
 389 	  3  	  3  	0.000	0.005	0.002	0.993	
 390 	  3  	  3  	0.001	0.006	0.002	0.991	
 391 	  3  	  3  	0.002	0.009	0.003	0.987	
 392 	  3  	  3  	0.000	0.004	0.002	0.994	
 393 	  3  	  3  	0.002	0.006	0.002	0.990	
 394 	  3  	  3  	0.001	0.008	0.003	0.987	
 395 	  3  	  3  	0.000	0.005	0.002	0.993	
 396 	  3  	  3  	0.002	0.006	0.002	0.990	
 397 	  3  	  3  	0.001	0.008	0.003	0.987	
 398 	  3  	  3  	0.000	0.004	0.002	0.994	
 399 	  3  	  3  	0.001	0.006	0.002	0.991	
 400 	  3  	  3  	0.001	0.008	0.003	0.988	
 401 	  3  	  3  	0.000	0.004	0.001	0.995	
 402 	  3  	  3  	0.000	0.004	0.001	0.995	
 403 	  3  	  3  	0.001	0.007	0.003	0.989	
 404 	  3  	  3  	0.001	0.008	0.004	0.987	
 405 	  3  	  3  	0.001	0.006	0.003	0.991	
 406 	  3  	  3  	0.000	0.001	0.001	0.998	
 407 	  3  	  3  	0.001	0.001	0.002	0.997	
 408 	  3  	  3  	0.000	0.001	0.001	0.998	
 409 	  3  	  3  	0.008	0.003	0.003	0.987	
 410 	  3  	  3  	0.000	0.000	0.001	0.999	
 411 	  3  	  3  	0.003	0.012	0.003	0.983	
 412 	  3  	  3  	0.007	0.009	0.002	0.982	
 413 	  3  	  3  	0.006	0.009	0.002	0.982	
 414 	  3  	  3  	0.003	0.012	0.003	0.982	
 415 	  3  	  3  	0.001	0.006	0.002	0.991	
 416 	  3  	  3  	0.003	0.015	0.005	0.978	
 417 	  3  	  3  	0.004	0.012	0.003	0.981	
 418 	  3  	  3  	0.002	0.012	0.004	0.981	
 419 	  3  	  3  	0.002	0.006	0.002	0.990	
 420 	  3  	  3  	0.004	0.012	0.003	0.981	
 421 	  3  	  3  	0.002	0.014	0.004	0.979	
 422 	  3  	  3  	0.003	0.013	0.004	0.980	
 423 	  3  	  3  	0.000	0.005	0.001	0.994	
 424 	  3  	  3  	0.000	0.005	0.001	0.993	
 425 	  3  	  3  	0.001	0.005	0.001	0.993	
 426 	  3  	  3  	0.000	0.004	0.001	0.995	
 427 	  3  	  3  	0.000	0.005	0.001	0.994	
 428 	  3  	  3  	0.000	0.005	0.001	0.994	
 429 	  3  	  3  	0.001	0.011	0.001	0.988	
 430 	  3  	  3  	0.000	0.004	0.001	0.995	
 431 	  3  	  3  	0.001	0.001	0.000	0.998	
 432 	  3  	  3  	0.000	0.000	0.000	0.999	
 433 	  3  	  3  	0.004	0.003	0.003	0.990	
 434 	  3  	  3  	0.005	0.004	0.005	0.987	
 435 	  3  	  3  	0.004	0.003	0.003	0.990	
 436 	  3  	  3  	0.005	0.004	0.005	0.987	
 437 	  3  	  3  	0.000	0.001	0.000	0.999	
 438 	  3  	  3  	0.000	0.000	0.000	0.999	
 439 	  3  	  3  	0.001	0.001	0.001	0.996	
 440 	  3  	  3  	0.002	0.001	0.001	0.996	
 441 	  3  	  3  	0.003	0.002	0.007	0.988	
 442 	  3  	  3  	0.002	0.002	0.001	0.995	
 443 	  3  	  3  	0.001	0.001	0.001	0.997	
 444 	  3  	  3  	0.002	0.002	0.003	0.993	
 445 	  3  	  3  	0.002	0.002	0.002	0.994	
 446 	  3  	  3  	0.003	0.002	0.002	0.993	
 447 	  3  	  3  	0.002	0.002	0.003	0.993	
 448 	  3  	  3  	0.003	0.003	0.009	0.985	
 449 	  3  	  3  	0.003	0.002	0.003	0.993	
 450 	  3  	  3  	0.002	0.002	0.003	0.993	
 451 	  3  	  3  	0.003	0.003	0.009	0.985	
 452 	  3  	  3  	0.003	0.002	0.003	0.993	
 453 	  3  	  3  	0.002	0.002	0.003	0.993	
 454 	  3  	  3  	0.002	0.002	0.002	0.994	
 455 	  3  	  3  	0.003	0.002	0.002	0.993	
 456 	  3  	  3  	0.003	0.003	0.004	0.989	
 457 	  3  	  3  	0.003	0.003	0.003	0.991	
 458 	  3  	  3  	0.008	0.004	0.008	0.980	
 459 	  3  	  3  	0.001	0.003	0.001	0.995	
 460 	  3  	  3  	0.001	0.003	0.003	0.993	
 461 	  3  	  3  	0.001	0.003	0.001	0.995	
 462 	  3  	  3  	0.006	0.003	0.008	0.983	
 463 	  3  	  3  	0.003	0.004	0.002	0.992	
 464 	  3  	  3  	0.001	0.002	0.003	0.995	
 465 	  3  	  3  	0.001	0.003	0.001	0.995	
 466 	  3  	  3  	0.004	0.011	0.004	0.982	
 467 	  3  	  3  	0.001	0.007	0.003	0.989	
 468 	  3  	  3  	0.001	0.004	0.003	0.992	
 469 	  3  	  3  	0.001	0.003	0.008	0.988	
 470 	  3  	  3  	0.004	0.018	0.217	0.760	
 471 	  3  	  3  	0.001	0.002	0.121	0.876	
 472 	  3  	  3  	0.002	0.014	0.013	0.971	
 473 	  3  	  3  	0.002	0.006	0.020	0.972	
 474 	  3  	  3  	0.001	0.003	0.009	0.988	
 475 	  3  	  3  	0.004	0.004	0.004	0.988	
 476 	  3  	  3  	0.004	0.005	0.012	0.979	
 477 	  3  	  3  	0.002	0.003	0.004	0.991	
 478 	  3  	  3  	0.030	0.141	0.001	0.827	
 479 	  3  	  3  	0.004	0.004	0.004	0.988	
 480 	  3  	  3  	0.002	0.004	0.003	0.991	
 481 	  3  	  3  	0.003	0.004	0.005	0.988	
 482 	  0  	  3  	0.569	0.065	0.007	0.359	
 483 	  3  	  3  	0.002	0.014	0.002	0.982	
 484 	  3  	  3  	0.001	0.011	0.002	0.985	
 485 	  3  	  3  	0.001	0.008	0.002	0.989	
 486 	  3  	  3  	0.004	0.003	0.012	0.982	
 487 	  3  	  3  	0.002	0.002	0.004	0.992	
 488 	  3  	  3  	0.004	0.004	0.005	0.987	
 489 	  3  	  3  	0.005	0.016	0.006	0.973	
 490 	  3  	  3  	0.006	0.005	0.006	0.982	
 491 	  3  	  3  	0.003	0.004	0.004	0.989	
 492 	  3  	  3  	0.004	0.004	0.004	0.988	
 493 	  3  	  3  	0.010	0.004	0.003	0.982	
 494 	  3  	  3  	0.004	0.004	0.004	0.988	
 495 	  3  	  3  	0.002	0.003	0.003	0.992	
 496 	  3  	  3  	0.002	0.003	0.003	0.992	
 497 	  3  	  3  	0.000	0.000	0.000	1.000	
 498 	  3  	  3  	0.002	0.014	0.002	0.982	
 499 	  3  	  3  	0.002	0.014	0.002	0.981	
 500 	  3  	  3  	0.009	0.011	0.002	0.977	
 501 	  3  	  3  	0.001	0.005	0.012	0.982	
 502 	  3  	  3  	0.002	0.003	0.080	0.915	
 503 	  3  	  3  	0.003	0.021	0.060	0.916	
 504 	  3  	  3  	0.001	0.007	0.005	0.987	
 505 	  3  	  3  	0.003	0.014	0.020	0.963	
 506 	  3  	  3  	0.001	0.003	0.009	0.988	
 507 	  3  	  3  	0.002	0.010	0.004	0.984	
 508 	  3  	  3  	0.001	0.011	0.002	0.987	
 509 	  3  	  3  	0.000	0.002	0.002	0.996	
 510 	  3  	  3  	0.004	0.004	0.006	0.986	
 511 	  3  	  3  	0.002	0.002	0.004	0.991	
 512 	  3  	  3  	0.005	0.004	0.005	0.985	
 513 	  3  	  3  	0.001	0.001	0.002	0.995	
 514 	  3  	  3  	0.001	0.006	0.018	0.975	
 515 	  3  	  3  	0.009	0.022	0.438	0.530	
 516 	  3  	  3  	0.001	0.010	0.032	0.957	
 517 	  3  	  3  	0.002	0.010	0.028	0.961	
 518 	  3  	  3  	0.007	0.020	0.370	0.603	
 519 	  3  	  3  	0.002	0.009	0.026	0.964	
 520 	  3  	  3  	0.006	0.041	0.119	0.834	
 521 	  3  	  3  	0.004	0.013	0.173	0.809	
 522 	  3  	  3  	0.001	0.009	0.034	0.955	
 523 	  3  	  3  	0.001	0.006	0.018	0.975	
 524 	  3  	  3  	0.008	0.022	0.305	0.665	
 525 	  3  	  3  	0.001	0.010	0.032	0.957	
 526 	  3  	  3  	0.002	0.009	0.030	0.960	
 527 	  3  	  3  	0.008	0.022	0.301	0.669	
 528 	  3  	  3  	0.003	0.004	0.024	0.969	
 529 	  3  	  3  	0.002	0.009	0.030	0.960	
 530 	  3  	  3  	0.008	0.022	0.301	0.669	
 531 	  3  	  3  	0.003	0.004	0.024	0.969	
 532 	  3  	  3  	0.003	0.010	0.086	0.900	
 533 	  3  	  3  	0.008	0.024	0.301	0.667	
 534 	  3  	  3  	0.003	0.019	0.041	0.936	
 535 	  3  	  3  	0.003	0.012	0.082	0.903	
 536 	  3  	  3  	0.004	0.011	0.152	0.834	
 537 	  2  	  3  	0.010	0.070	0.509	0.411	
 538 	  3  	  3  	0.005	0.024	0.049	0.922	
 539 	  0  	  0  	0.992	0.005	0.001	0.002	
 540 	  0  	  0  	0.977	0.006	0.003	0.014	
 541 	  0  	  0  	0.973	0.013	0.005	0.010	
 542 	  0  	  0  	0.960	0.012	0.011	0.017	
 543 	  0  	  0  	0.961	0.011	0.010	0.018	
 544 	  0  	  0  	0.992	0.005	0.001	0.002	
 545 	  0  	  0  	0.977	0.006	0.003	0.014	
 546 	  0  	  0  	0.973	0.013	0.005	0.010	
 547 	  0  	  0  	0.997	0.001	0.000	0.002	
 548 	  0  	  0  	0.994	0.003	0.001	0.002	
 549 	  0  	  0  	0.997	0.001	0.000	0.001	
 550 	  0  	  0  	0.986	0.005	0.006	0.003	
 551 	  0  	  0  	0.997	0.001	0.000	0.002	
 552 	  0  	  0  	0.997	0.001	0.000	0.001	
 553 	  0  	  0  	0.974	0.004	0.002	0.021	
 554 	  0  	  0  	0.980	0.010	0.003	0.007	
 555 	  0  	  0  	0.988	0.003	0.002	0.006	
 556 	  0  	  0  	0.975	0.008	0.001	0.015	
 557 	  0  	  0  	0.980	0.006	0.003	0.012	
 558 	  0  	  0  	0.981	0.006	0.003	0.010	
 559 	  0  	  0  	0.973	0.009	0.001	0.016	
 560 	  0  	  0  	0.975	0.007	0.003	0.015	
 561 	  0  	  0  	0.980	0.005	0.003	0.012	
 562 	  0  	  0  	0.990	0.003	0.004	0.003	
 563 	  0  	  0  	0.990	0.004	0.004	0.002	
 564 	  0  	  0  	0.977	0.008	0.002	0.013	
 565 	  0  	  0  	0.993	0.003	0.002	0.002	
 566 	  0  	  0  	0.978	0.007	0.004	0.012	
 567 	  0  	  0  	0.992	0.003	0.003	0.002	
 568 	  0  	  0  	0.991	0.002	0.001	0.006	
 569 	  0  	  0  	0.993	0.003	0.001	0.002	
 570 	  0  	  0  	0.981	0.005	0.007	0.006	
 571 	  0  	  0  	0.991	0.005	0.002	0.002	
 572 	  0  	  0  	0.981	0.006	0.007	0.006	
 573 	  0  	  0  	0.992	0.004	0.001	0.004	
 574 	  0  	  0  	0.993	0.003	0.001	0.002	
 575 	  0  	  0  	0.985	0.006	0.004	0.005	
 576 	  0  	  0  	0.991	0.002	0.001	0.005	
 577 	  0  	  0  	0.991	0.004	0.002	0.003	
 578 	  0  	  0  	0.988	0.004	0.005	0.003	
 579 	  0  	  0  	0.981	0.007	0.002	0.010	
 580 	  0  	  0  	0.965	0.009	0.004	0.022	
 581 	  0  	  0  	0.964	0.009	0.005	0.022	
 582 	  0  	  0  	0.975	0.010	0.004	0.011	
 583 	  0  	  0  	0.974	0.008	0.004	0.013	
 584 	  0  	  0  	0.969	0.008	0.004	0.019	
 585 	  0  	  0  	0.986	0.007	0.003	0.004	
 586 	  0  	  0  	0.994	0.002	0.002	0.002	
 587 	  0  	  0  	0.989	0.006	0.002	0.002	
 588 	  0  	  0  	0.991	0.002	0.004	0.002	
 589 	  0  	  0  	0.986	0.008	0.002	0.004	
 590 	  0  	  0  	0.990	0.003	0.004	0.002	
 591 	  0  	  0  	0.975	0.010	0.004	0.012	
 592 	  0  	  0  	0.980	0.007	0.002	0.011	
 593 	  0  	  0  	0.965	0.010	0.004	0.021	
 594 	  0  	  0  	0.982	0.006	0.002	0.010	
 595 	  0  	  0  	0.971	0.008	0.003	0.018	
 596 	  0  	  0  	0.970	0.008	0.005	0.017	
 597 	  0  	  0  	0.977	0.009	0.004	0.010	
 598 	  0  	  0  	0.970	0.007	0.004	0.019	
 599 	  0  	  0  	0.948	0.014	0.004	0.034	
 600 	  0  	  0  	0.991	0.003	0.001	0.005	
 601 	  0  	  0  	0.995	0.002	0.000	0.002	
 602 	  0  	  0  	0.993	0.004	0.001	0.002	
 603 	  0  	  0  	0.991	0.004	0.002	0.002	
 604 	  0  	  0  	0.987	0.005	0.001	0.008	
 605 	  0  	  0  	0.988	0.005	0.001	0.007	
 606 	  0  	  0  	0.939	0.013	0.003	0.045	
 607 	  0  	  0  	0.994	0.002	0.002	0.002	
 608 	  0  	  0  	0.992	0.002	0.002	0.003	
 609 	  0  	  0  	0.945	0.011	0.002	0.042	
 610 	  0  	  0  	0.993	0.003	0.003	0.001	
 611 	  0  	  0  	0.991	0.004	0.003	0.002	
 612 	  0  	  0  	0.992	0.004	0.003	0.002	
 613 	  0  	  0  	0.994	0.005	0.000	0.001	
 614 	  0  	  0  	0.993	0.005	0.000	0.002	
 615 	  0  	  0  	0.995	0.004	0.000	0.001	
 616 	  0  	  0  	0.996	0.002	0.001	0.001	
 617 	  0  	  0  	0.998	0.001	0.000	0.001	
 618 	  0  	  0  	0.997	0.001	0.000	0.001	
 619 	  0  	  0  	0.992	0.002	0.001	0.005	
 620 	  0  	  0  	0.975	0.017	0.003	0.006	
 621 	  0  	  0  	0.992	0.002	0.001	0.005	
 622 	  0  	  0  	0.993	0.001	0.002	0.004	
 623 	  0  	  0  	0.992	0.002	0.001	0.005	
 624 	  0  	  0  	0.989	0.002	0.002	0.007	
 625 	  0  	  0  	0.992	0.002	0.001	0.005	
 626 	  0  	  0  	0.994	0.001	0.001	0.004	
 627 	  0  	  0  	0.992	0.002	0.001	0.005	
 628 	  0  	  0  	0.987	0.003	0.001	0.009	
 629 	  0  	  0  	0.983	0.004	0.001	0.011	
 630 	  0  	  0  	0.989	0.003	0.001	0.007	
 631 	  0  	  0  	0.974	0.021	0.003	0.002	
 632 	  0  	  0  	0.988	0.003	0.001	0.008	
 633 	  0  	  0  	0.978	0.011	0.006	0.005	
 634 	  0  	  0  	0.988	0.003	0.001	0.008	
 635 	  0  	  0  	0.976	0.015	0.005	0.004	
 636 	  0  	  0  	0.976	0.014	0.006	0.003	
 637 	  0  	  0  	0.988	0.003	0.001	0.007	
 638 	  0  	  0  	0.990	0.005	0.002	0.003	
 639 	  0  	  0  	0.996	0.002	0.001	0.001	
 640 	  0  	  0  	0.993	0.003	0.002	0.002	
 641 	  0  	  0  	0.996	0.002	0.001	0.001	
 642 	  0  	  0  	0.994	0.003	0.001	0.002	
 643 	  0  	  0  	0.950	0.023	0.014	0.013	
 644 	  0  	  0  	0.994	0.004	0.000	0.001	
 645 	  0  	  0  	0.993	0.005	0.000	0.002	
 646 	  0  	  0  	0.985	0.006	0.003	0.006	
 647 	  0  	  0  	0.979	0.010	0.004	0.006	
 648 	  0  	  0  	0.979	0.010	0.004	0.007	
 649 	  0  	  0  	0.976	0.013	0.003	0.008	
 650 	  0  	  0  	0.980	0.009	0.005	0.007	
 651 	  0  	  0  	0.978	0.010	0.004	0.007	
 652 	  0  	  0  	0.977	0.011	0.004	0.009	
 653 	  0  	  0  	0.990	0.004	0.002	0.004	
 654 	  0  	  0  	0.990	0.004	0.003	0.004	
 655 	  0  	  0  	0.990	0.004	0.002	0.004	
 656 	  0  	  0  	0.989	0.004	0.002	0.004	
 657 	  0  	  0  	0.987	0.005	0.002	0.005	
 658 	  0  	  0  	0.989	0.004	0.002	0.004	
 659 	  0  	  0  	0.986	0.006	0.003	0.005	
 660 	  0  	  0  	0.982	0.012	0.002	0.005	
 661 	  0  	  0  	0.983	0.010	0.002	0.005	
 662 	  0  	  0  	0.983	0.008	0.003	0.006	
 663 	  0  	  0  	0.981	0.012	0.002	0.006	
 664 	  0  	  0  	0.982	0.011	0.002	0.005	
 665 	  0  	  0  	0.969	0.010	0.003	0.018	
 666 	  0  	  0  	0.969	0.011	0.003	0.017	
 667 	  0  	  0  	0.966	0.009	0.003	0.022	
 668 	  0  	  0  	0.964	0.010	0.003	0.023	
 669 	  0  	  0  	0.959	0.010	0.004	0.027	
 670 	  0  	  0  	0.969	0.008	0.002	0.020	
 671 	  0  	  0  	0.963	0.010	0.003	0.025	
 672 	  0  	  0  	0.945	0.011	0.004	0.039	
 673 	  0  	  0  	0.983	0.003	0.001	0.013	
 674 	  0  	  0  	0.966	0.015	0.007	0.012	
 675 	  0  	  0  	0.994	0.002	0.003	0.001	
 676 	  0  	  0  	0.981	0.008	0.008	0.003	
 677 	  0  	  0  	0.982	0.009	0.002	0.007	
 678 	  0  	  0  	0.983	0.009	0.003	0.006	
 679 	  0  	  0  	0.978	0.012	0.004	0.007	
 680 	  0  	  0  	0.994	0.001	0.003	0.002	
 681 	  0  	  0  	0.997	0.002	0.000	0.001	
 682 	  0  	  0  	0.981	0.011	0.002	0.006	
 683 	  0  	  0  	0.982	0.011	0.002	0.005	
 684 	  0  	  0  	0.983	0.011	0.002	0.005	
 685 	  0  	  0  	0.984	0.007	0.003	0.007	
 686 	  0  	  0  	0.989	0.004	0.001	0.005	
 687 	  0  	  0  	0.988	0.005	0.002	0.006	
 688 	  0  	  0  	0.988	0.004	0.002	0.005	
 689 	  0  	  0  	0.990	0.004	0.002	0.004	
 690 	  0  	  0  	0.990	0.004	0.003	0.004	
 691 	  0  	  0  	0.990	0.004	0.002	0.004	
 692 	  0  	  0  	0.979	0.008	0.004	0.010	
 693 	  0  	  0  	0.981	0.007	0.004	0.007	
 694 	  0  	  0  	0.958	0.009	0.003	0.030	
 695 	  0  	  0  	0.976	0.008	0.004	0.011	
 696 	  0  	  0  	0.975	0.008	0.006	0.011	
 697 	  0  	  0  	0.949	0.010	0.004	0.036	
 698 	  0  	  0  	0.988	0.004	0.002	0.006	
 699 	  0  	  0  	0.986	0.005	0.003	0.006	
 700 	  0  	  0  	0.987	0.005	0.003	0.006	
 701 	  0  	  0  	0.989	0.004	0.002	0.004	
 702 	  0  	  0  	0.987	0.005	0.002	0.005	
 703 	  0  	  0  	0.989	0.004	0.002	0.004	
 704 	  0  	  0  	0.988	0.004	0.004	0.003	
 705 	  0  	  0  	0.984	0.009	0.003	0.004	
 706 	  0  	  0  	0.981	0.010	0.004	0.004	
 707 	  0  	  0  	0.998	0.001	0.000	0.001	
 708 	  0  	  0  	0.981	0.010	0.003	0.005	
 709 	  0  	  0  	0.978	0.011	0.004	0.006	
 710 	  0  	  0  	0.992	0.004	0.002	0.003	
 711 	  0  	  0  	0.992	0.004	0.002	0.003	
 712 	  0  	  0  	0.988	0.004	0.004	0.003	
 713 	  0  	  0  	0.993	0.003	0.001	0.002	
 714 	  0  	  0  	0.989	0.004	0.004	0.003	
 715 	  0  	  0  	0.991	0.005	0.002	0.003	
 716 	  0  	  0  	0.981	0.011	0.003	0.005	
 717 	  0  	  0  	0.992	0.004	0.001	0.004	
 718 	  0  	  0  	0.991	0.005	0.001	0.004	
 719 	  0  	  0  	0.981	0.008	0.001	0.010	
 720 	  0  	  0  	0.991	0.004	0.001	0.005	
 721 	  0  	  0  	0.974	0.010	0.002	0.014	
 722 	  0  	  0  	0.989	0.003	0.002	0.006	
 723 	  0  	  0  	0.938	0.030	0.001	0.031	
 724 	  0  	  0  	0.988	0.004	0.001	0.006	
 725 	  0  	  0  	0.991	0.005	0.001	0.003	
 726 	  0  	  0  	0.991	0.005	0.001	0.003	
 727 	  0  	  0  	0.985	0.005	0.003	0.008	
 728 	  0  	  0  	0.990	0.006	0.001	0.003	
 729 	  0  	  0  	0.993	0.002	0.002	0.003	
 730 	  0  	  0  	0.987	0.004	0.002	0.007	
 731 	  0  	  0  	0.991	0.005	0.001	0.003	
 732 	  0  	  0  	0.992	0.002	0.002	0.004	
 733 	  0  	  0  	0.988	0.004	0.002	0.006	
 734 	  0  	  0  	0.991	0.005	0.001	0.003	
 735 	  0  	  0  	0.990	0.004	0.002	0.004	
 736 	  0  	  0  	0.984	0.005	0.002	0.009	
 737 	  0  	  0  	0.979	0.006	0.006	0.009	
 738 	  0  	  0  	0.781	0.033	0.007	0.179	
 739 	  0  	  0  	0.996	0.003	0.000	0.001	
 740 	  0  	  0  	0.980	0.005	0.007	0.007	
 741 	  0  	  0  	0.855	0.027	0.006	0.113	
 742 	  0  	  0  	0.994	0.003	0.001	0.002	
 743 	  0  	  0  	0.993	0.004	0.001	0.002	
 744 	  0  	  0  	0.986	0.005	0.006	0.002	
 745 	  0  	  0  	0.980	0.011	0.004	0.005	
 746 	  0  	  0  	0.993	0.002	0.003	0.002	
 747 	  0  	  0  	0.986	0.005	0.007	0.002	
 748 	  0  	  0  	0.982	0.008	0.005	0.005	
 749 	  0  	  0  	0.974	0.009	0.004	0.013	
 750 	  0  	  0  	0.973	0.010	0.005	0.013	
 751 	  0  	  0  	0.997	0.001	0.000	0.001	
 752 	  0  	  0  	0.995	0.001	0.003	0.001	
 753 	  0  	  0  	0.974	0.009	0.004	0.013	
 754 	  0  	  0  	0.997	0.001	0.000	0.001	
 755 	  0  	  0  	0.979	0.001	0.017	0.002	
 756 	  0  	  0  	0.973	0.010	0.005	0.013	
 757 	  0  	  0  	0.995	0.002	0.000	0.002	
 758 	  0  	  0  	0.956	0.038	0.002	0.004	
 759 	  0  	  0  	0.979	0.011	0.004	0.006	
 760 	  0  	  0  	0.995	0.003	0.000	0.002	
 761 	  0  	  0  	0.874	0.017	0.099	0.010	
 762 	  0  	  0  	0.983	0.009	0.004	0.004	
 763 	  0  	  0  	0.988	0.006	0.003	0.003	
 764 	  0  	  0  	0.989	0.005	0.003	0.003	
 765 	  0  	  0  	0.975	0.010	0.005	0.010	
 766 	  0  	  0  	0.994	0.002	0.001	0.003	
 767 	  0  	  0  	0.982	0.008	0.003	0.008	
 768 	  0  	  0  	0.992	0.003	0.002	0.003	
 769 	  0  	  0  	0.998	0.001	0.000	0.001	
 770 	  0  	  0  	0.997	0.002	0.001	0.001	
 771 	  0  	  0  	0.988	0.006	0.003	0.003	
 772 	  0  	  0  	0.997	0.002	0.001	0.001	
 773 	  0  	  0  	0.989	0.005	0.003	0.003	
 774 	  0  	  0  	0.984	0.008	0.002	0.006	
 775 	  0  	  0  	0.979	0.009	0.005	0.007	
 776 	  0  	  0  	0.975	0.010	0.005	0.010	
 777 	  0  	  0  	0.994	0.002	0.001	0.003	
 778 	  0  	  0  	0.978	0.010	0.005	0.007	
 779 	  0  	  0  	0.982	0.008	0.003	0.008	
 780 	  0  	  0  	0.992	0.003	0.002	0.003	
 781 	  0  	  0  	0.974	0.013	0.001	0.011	
 782 	  0  	  0  	0.975	0.013	0.002	0.010	
 783 	  0  	  0  	0.969	0.009	0.003	0.020	
 784 	  0  	  0  	0.979	0.011	0.002	0.009	
 785 	  0  	  0  	0.973	0.012	0.002	0.013	
 786 	  0  	  0  	0.975	0.008	0.002	0.016	
 787 	  0  	  0  	0.994	0.002	0.000	0.003	
 788 	  0  	  0  	0.992	0.003	0.000	0.005	
 789 	  0  	  0  	0.995	0.002	0.000	0.002	
 790 	  0  	  0  	0.994	0.003	0.001	0.002	
 791 	  0  	  0  	0.992	0.004	0.001	0.003	
 792 	  0  	  0  	0.961	0.004	0.002	0.033	
 793 	  0  	  0  	0.982	0.008	0.003	0.007	
 794 	  0  	  0  	0.992	0.002	0.001	0.005	
 795 	  0  	  0  	0.989	0.003	0.002	0.006	
 796 	  0  	  0  	0.992	0.002	0.001	0.005	
 797 	  0  	  0  	0.971	0.019	0.003	0.008	
 798 	  0  	  0  	0.996	0.001	0.001	0.002	
 799 	  3  	  0  	0.013	0.001	0.000	0.986	
 800 	  0  	  0  	0.998	0.001	0.000	0.001	
 801 	  3  	  0  	0.247	0.013	0.010	0.731	
 802 	  0  	  0  	0.987	0.003	0.001	0.008	
 803 	  0  	  0  	0.958	0.012	0.012	0.018	
 804 	  0  	  0  	0.966	0.013	0.007	0.015	
 805 	  0  	  0  	0.980	0.009	0.001	0.009	
 806 	  0  	  0  	0.989	0.003	0.001	0.007	
 807 	  0  	  0  	0.988	0.005	0.005	0.003	
 808 	  0  	  0  	0.993	0.002	0.001	0.003	
 809 	  0  	  0  	0.993	0.004	0.002	0.002	
 810 	  0  	  0  	0.992	0.004	0.001	0.002	
 811 	  0  	  0  	0.983	0.011	0.001	0.005	
 812 	  0  	  0  	0.982	0.011	0.002	0.006	
 813 	  0  	  0  	0.979	0.007	0.003	0.010	
 814 	  0  	  0  	0.988	0.003	0.001	0.008	
 815 	  0  	  0  	0.994	0.002	0.002	0.001	
 816 	  0  	  0  	0.981	0.008	0.008	0.003	
 817 	  0  	  0  	0.962	0.005	0.002	0.032	
 818 	  0  	  0  	0.975	0.013	0.003	0.010	
 819 	  0  	  0  	0.989	0.003	0.002	0.006	
 820 	  0  	  0  	0.979	0.004	0.001	0.016	
 821 	  0  	  0  	0.979	0.009	0.006	0.006	
 822 	  0  	  0  	0.993	0.003	0.000	0.003	
 823 	  0  	  0  	0.978	0.009	0.004	0.008	
 824 	  0  	  0  	0.959	0.011	0.013	0.016	
 825 	  0  	  0  	0.969	0.011	0.007	0.014	
 826 	  0  	  0  	0.978	0.011	0.001	0.010	
 827 	  0  	  0  	0.988	0.003	0.001	0.007	
 828 	  0  	  0  	0.987	0.003	0.001	0.008	
 829 	  0  	  0  	0.969	0.012	0.009	0.010	
 830 	  0  	  0  	0.993	0.002	0.001	0.004	
 831 	  0  	  0  	0.992	0.004	0.002	0.002	
 832 	  0  	  0  	0.991	0.005	0.001	0.003	
 833 	  0  	  0  	0.985	0.009	0.002	0.004	
 834 	  0  	  0  	0.983	0.010	0.002	0.005	
 835 	  0  	  0  	0.995	0.002	0.001	0.002	
 836 	  0  	  0  	0.997	0.001	0.001	0.001	
 837 	  0  	  0  	0.996	0.002	0.001	0.002	
 838 	  0  	  0  	0.997	0.001	0.000	0.001	
 839 	  0  	  0  	0.991	0.001	0.002	0.006	
 840 	  3  	  0  	0.015	0.004	0.003	0.979	
 841 	  0  	  0  	0.986	0.003	0.001	0.009	
 842 	  0  	  0  	0.977	0.018	0.003	0.002	
 843 	  0  	  0  	0.679	0.059	0.244	0.018	
 844 	  0  	  0  	0.993	0.005	0.001	0.002	
 845 	  0  	  0  	0.660	0.118	0.203	0.019	
 846 	  0  	  0  	0.620	0.069	0.291	0.020	
 847 	  0  	  0  	0.423	0.196	0.358	0.023	
 848 	  0  	  0  	0.990	0.004	0.004	0.003	
 849 	  0  	  0  	0.423	0.196	0.358	0.023	
 850 	  0  	  0  	0.990	0.004	0.004	0.003	
 851 	  0  	  0  	0.410	0.281	0.283	0.025	
 852 	  0  	  0  	0.990	0.004	0.004	0.003	
 853 	  0  	  0  	0.751	0.079	0.155	0.016	
 854 	  0  	  0  	0.609	0.011	0.322	0.059	
