  no	pred	real	Good	Contact	Radius	Hole
  0  	  1  	  1  	0.000	0.999	0.001	0.000	
  1  	  1  	  1  	0.001	0.999	0.000	0.000	
  2  	  1  	  1  	0.000	1.000	0.000	0.000	
  3  	  1  	  1  	0.000	0.999	0.000	0.000	
  4  	  1  	  1  	0.000	0.999	0.001	0.000	
  5  	  1  	  1  	0.001	0.999	0.000	0.000	
  6  	  1  	  1  	0.000	0.998	0.002	0.000	
  7  	  1  	  1  	0.000	0.997	0.000	0.003	
  8  	  1  	  1  	0.000	1.000	0.000	0.000	
  9  	  1  	  1  	0.000	1.000	0.000	0.000	
 10  	  1  	  1  	0.000	1.000	0.000	0.000	
 11  	  1  	  1  	0.000	1.000	0.000	0.000	
 12  	  1  	  1  	0.000	1.000	0.000	0.000	
 13  	  1  	  1  	0.000	1.000	0.000	0.000	
 14  	  1  	  1  	0.000	0.999	0.001	0.000	
 15  	  1  	  1  	0.000	0.998	0.002	0.000	
 16  	  1  	  1  	0.000	0.994	0.006	0.000	
 17  	  1  	  1  	0.000	1.000	0.000	0.000	
 18  	  1  	  1  	0.000	1.000	0.000	0.000	
 19  	  1  	  1  	0.000	0.999	0.000	0.001	
 20  	  1  	  1  	0.000	1.000	0.000	0.000	
 21  	  1  	  1  	0.000	1.000	0.000	0.000	
 22  	  1  	  1  	0.000	0.998	0.000	0.002	
 23  	  1  	  1  	0.000	1.000	0.000	0.000	
 24  	  1  	  1  	0.000	1.000	0.000	0.000	
 25  	  1  	  1  	0.000	1.000	0.000	0.000	
 26  	  1  	  1  	0.000	1.000	0.000	0.000	
 27  	  1  	  1  	0.000	1.000	0.000	0.000	
 28  	  1  	  1  	0.000	1.000	0.000	0.000	
 29  	  1  	  1  	0.000	1.000	0.000	0.000	
 30  	  1  	  1  	0.000	0.999	0.001	0.000	
 31  	  1  	  1  	0.000	1.000	0.000	0.000	
 32  	  1  	  1  	0.000	1.000	0.000	0.000	
 33  	  1  	  1  	0.000	1.000	0.000	0.000	
 34  	  1  	  1  	0.000	1.000	0.000	0.000	
 35  	  1  	  1  	0.000	1.000	0.000	0.000	
 36  	  1  	  1  	0.000	1.000	0.000	0.000	
 37  	  1  	  1  	0.000	1.000	0.000	0.000	
 38  	  1  	  1  	0.000	1.000	0.000	0.000	
 39  	  1  	  1  	0.000	1.000	0.000	0.000	
 40  	  1  	  1  	0.000	1.000	0.000	0.000	
 41  	  1  	  1  	0.001	0.999	0.000	0.000	
 42  	  1  	  1  	0.000	1.000	0.000	0.000	
 43  	  1  	  1  	0.000	1.000	0.000	0.000	
 44  	  1  	  1  	0.000	1.000	0.000	0.000	
 45  	  1  	  1  	0.001	0.999	0.000	0.000	
 46  	  1  	  1  	0.000	1.000	0.000	0.000	
 47  	  1  	  1  	0.000	1.000	0.000	0.000	
 48  	  1  	  1  	0.000	1.000	0.000	0.000	
 49  	  1  	  1  	0.000	1.000	0.000	0.000	
 50  	  1  	  1  	0.000	1.000	0.000	0.000	
 51  	  1  	  1  	0.000	1.000	0.000	0.000	
 52  	  1  	  1  	0.000	1.000	0.000	0.000	
 53  	  1  	  1  	0.000	1.000	0.000	0.000	
 54  	  1  	  1  	0.000	1.000	0.000	0.000	
 55  	  1  	  1  	0.000	1.000	0.000	0.000	
 56  	  1  	  1  	0.000	1.000	0.000	0.000	
 57  	  1  	  1  	0.000	1.000	0.000	0.000	
 58  	  1  	  1  	0.000	1.000	0.000	0.000	
 59  	  1  	  1  	0.000	1.000	0.000	0.000	
 60  	  1  	  1  	0.000	1.000	0.000	0.000	
 61  	  1  	  1  	0.000	0.998	0.001	0.001	
 62  	  1  	  1  	0.000	1.000	0.000	0.000	
 63  	  1  	  1  	0.000	1.000	0.000	0.000	
 64  	  1  	  1  	0.000	0.998	0.001	0.001	
 65  	  1  	  1  	0.000	1.000	0.000	0.000	
 66  	  1  	  1  	0.000	0.999	0.001	0.000	
 67  	  1  	  1  	0.000	0.998	0.002	0.000	
 68  	  1  	  1  	0.000	1.000	0.000	0.000	
 69  	  1  	  1  	0.000	0.999	0.001	0.000	
 70  	  1  	  1  	0.000	1.000	0.000	0.000	
 71  	  1  	  1  	0.000	1.000	0.000	0.000	
 72  	  1  	  1  	0.000	1.000	0.000	0.000	
 73  	  1  	  1  	0.000	1.000	0.000	0.000	
 74  	  1  	  1  	0.000	1.000	0.000	0.000	
 75  	  1  	  1  	0.000	0.998	0.002	0.000	
 76  	  1  	  1  	0.000	1.000	0.000	0.000	
 77  	  1  	  1  	0.000	1.000	0.000	0.000	
 78  	  1  	  1  	0.000	1.000	0.000	0.000	
 79  	  1  	  1  	0.000	1.000	0.000	0.000	
 80  	  1  	  1  	0.000	1.000	0.000	0.000	
 81  	  1  	  1  	0.000	1.000	0.000	0.000	
 82  	  1  	  1  	0.000	1.000	0.000	0.000	
 83  	  1  	  1  	0.000	0.999	0.001	0.000	
 84  	  1  	  1  	0.000	1.000	0.000	0.000	
 85  	  1  	  1  	0.000	1.000	0.000	0.000	
 86  	  1  	  1  	0.000	1.000	0.000	0.000	
 87  	  1  	  1  	0.000	0.998	0.002	0.000	
 88  	  1  	  1  	0.000	1.000	0.000	0.000	
 89  	  1  	  1  	0.000	1.000	0.000	0.000	
 90  	  1  	  1  	0.000	1.000	0.000	0.000	
 91  	  1  	  1  	0.000	1.000	0.000	0.000	
 92  	  1  	  1  	0.000	1.000	0.000	0.000	
 93  	  1  	  1  	0.000	1.000	0.000	0.000	
 94  	  1  	  1  	0.000	1.000	0.000	0.000	
 95  	  1  	  1  	0.000	1.000	0.000	0.000	
 96  	  1  	  1  	0.000	1.000	0.000	0.000	
 97  	  1  	  1  	0.000	1.000	0.000	0.000	
 98  	  1  	  1  	0.000	1.000	0.000	0.000	
 99  	  1  	  1  	0.000	1.000	0.000	0.000	
 100 	  1  	  1  	0.000	1.000	0.000	0.000	
 101 	  1  	  1  	0.000	1.000	0.000	0.000	
 102 	  1  	  1  	0.000	1.000	0.000	0.000	
 103 	  1  	  1  	0.000	1.000	0.000	0.000	
 104 	  1  	  1  	0.000	1.000	0.000	0.000	
 105 	  1  	  1  	0.000	1.000	0.000	0.000	
 106 	  1  	  1  	0.000	1.000	0.000	0.000	
 107 	  1  	  1  	0.000	1.000	0.000	0.000	
 108 	  1  	  1  	0.000	1.000	0.000	0.000	
 109 	  1  	  1  	0.000	1.000	0.000	0.000	
 110 	  1  	  1  	0.000	1.000	0.000	0.000	
 111 	  1  	  1  	0.000	1.000	0.000	0.000	
 112 	  1  	  1  	0.001	0.999	0.000	0.000	
 113 	  1  	  1  	0.000	1.000	0.000	0.000	
 114 	  1  	  1  	0.000	0.998	0.002	0.000	
 115 	  1  	  1  	0.000	1.000	0.000	0.000	
 116 	  1  	  1  	0.000	0.998	0.001	0.000	
 117 	  1  	  1  	0.000	1.000	0.000	0.000	
 118 	  1  	  1  	0.000	1.000	0.000	0.000	
 119 	  1  	  1  	0.000	1.000	0.000	0.000	
 120 	  1  	  1  	0.000	1.000	0.000	0.000	
 121 	  1  	  1  	0.000	1.000	0.000	0.000	
 122 	  1  	  1  	0.000	1.000	0.000	0.000	
 123 	  1  	  1  	0.000	1.000	0.000	0.000	
 124 	  1  	  1  	0.000	1.000	0.000	0.000	
 125 	  1  	  1  	0.000	1.000	0.000	0.000	
 126 	  1  	  1  	0.000	1.000	0.000	0.000	
 127 	  1  	  1  	0.000	1.000	0.000	0.000	
 128 	  1  	  1  	0.000	1.000	0.000	0.000	
 129 	  1  	  1  	0.000	1.000	0.000	0.000	
 130 	  1  	  1  	0.000	1.000	0.000	0.000	
 131 	  1  	  1  	0.001	0.998	0.000	0.001	
 132 	  1  	  1  	0.000	1.000	0.000	0.000	
 133 	  1  	  1  	0.000	1.000	0.000	0.000	
 134 	  1  	  1  	0.000	1.000	0.000	0.000	
 135 	  1  	  1  	0.000	1.000	0.000	0.000	
 136 	  1  	  1  	0.000	1.000	0.000	0.000	
 137 	  1  	  1  	0.000	1.000	0.000	0.000	
 138 	  1  	  1  	0.000	1.000	0.000	0.000	
 139 	  1  	  1  	0.000	0.999	0.001	0.000	
 140 	  1  	  1  	0.000	0.999	0.000	0.001	
 141 	  1  	  1  	0.001	0.956	0.035	0.009	
 142 	  1  	  1  	0.004	0.995	0.001	0.000	
 143 	  3  	  1  	0.006	0.124	0.000	0.870	
 144 	  1  	  1  	0.016	0.979	0.005	0.000	
 145 	  1  	  1  	0.000	1.000	0.000	0.000	
 146 	  2  	  2  	0.000	0.000	1.000	0.000	
 147 	  2  	  2  	0.000	0.000	1.000	0.000	
 148 	  2  	  2  	0.000	0.000	1.000	0.000	
 149 	  2  	  2  	0.000	0.000	1.000	0.000	
 150 	  2  	  2  	0.000	0.000	1.000	0.000	
 151 	  2  	  2  	0.000	0.003	0.997	0.000	
 152 	  2  	  2  	0.000	0.000	1.000	0.000	
 153 	  2  	  2  	0.000	0.000	1.000	0.000	
 154 	  2  	  2  	0.000	0.000	1.000	0.000	
 155 	  2  	  2  	0.000	0.000	1.000	0.000	
 156 	  2  	  2  	0.000	0.000	1.000	0.000	
 157 	  2  	  2  	0.000	0.000	1.000	0.000	
 158 	  2  	  2  	0.000	0.000	0.999	0.000	
 159 	  2  	  2  	0.000	0.000	1.000	0.000	
 160 	  2  	  2  	0.000	0.000	1.000	0.000	
 161 	  2  	  2  	0.000	0.000	1.000	0.000	
 162 	  2  	  2  	0.000	0.000	1.000	0.000	
 163 	  2  	  2  	0.000	0.000	1.000	0.000	
 164 	  2  	  2  	0.000	0.000	1.000	0.000	
 165 	  2  	  2  	0.000	0.000	1.000	0.000	
 166 	  2  	  2  	0.000	0.000	1.000	0.000	
 167 	  2  	  2  	0.000	0.000	1.000	0.000	
 168 	  2  	  2  	0.000	0.000	1.000	0.000	
 169 	  2  	  2  	0.000	0.000	1.000	0.000	
 170 	  2  	  2  	0.000	0.000	1.000	0.000	
 171 	  2  	  2  	0.000	0.000	1.000	0.000	
 172 	  2  	  2  	0.000	0.000	1.000	0.000	
 173 	  2  	  2  	0.000	0.000	1.000	0.000	
 174 	  2  	  2  	0.000	0.000	1.000	0.000	
 175 	  2  	  2  	0.000	0.000	1.000	0.000	
 176 	  2  	  2  	0.000	0.000	1.000	0.000	
 177 	  2  	  2  	0.000	0.000	1.000	0.000	
 178 	  2  	  2  	0.000	0.000	1.000	0.000	
 179 	  2  	  2  	0.000	0.000	1.000	0.000	
 180 	  2  	  2  	0.000	0.000	1.000	0.000	
 181 	  2  	  2  	0.000	0.000	1.000	0.000	
 182 	  2  	  2  	0.000	0.001	0.999	0.000	
 183 	  2  	  2  	0.000	0.000	1.000	0.000	
 184 	  2  	  2  	0.000	0.000	1.000	0.000	
 185 	  2  	  2  	0.000	0.000	1.000	0.000	
 186 	  2  	  2  	0.000	0.007	0.993	0.000	
 187 	  2  	  2  	0.000	0.000	1.000	0.000	
 188 	  2  	  2  	0.000	0.000	1.000	0.000	
 189 	  2  	  2  	0.000	0.000	1.000	0.000	
 190 	  2  	  2  	0.000	0.000	1.000	0.000	
 191 	  2  	  2  	0.000	0.000	1.000	0.000	
 192 	  2  	  2  	0.000	0.001	0.999	0.000	
 193 	  2  	  2  	0.000	0.000	1.000	0.000	
 194 	  2  	  2  	0.000	0.000	1.000	0.000	
 195 	  2  	  2  	0.000	0.000	1.000	0.000	
 196 	  2  	  2  	0.000	0.000	1.000	0.000	
 197 	  2  	  2  	0.000	0.000	1.000	0.000	
 198 	  2  	  2  	0.000	0.000	1.000	0.000	
 199 	  2  	  2  	0.000	0.000	1.000	0.000	
 200 	  2  	  2  	0.000	0.000	1.000	0.000	
 201 	  2  	  2  	0.000	0.000	1.000	0.000	
 202 	  2  	  2  	0.000	0.000	1.000	0.000	
 203 	  2  	  2  	0.000	0.000	1.000	0.000	
 204 	  2  	  2  	0.000	0.000	1.000	0.000	
 205 	  2  	  2  	0.000	0.000	1.000	0.000	
 206 	  2  	  2  	0.000	0.000	1.000	0.000	
 207 	  2  	  2  	0.000	0.000	1.000	0.000	
 208 	  2  	  2  	0.000	0.000	1.000	0.000	
 209 	  2  	  2  	0.000	0.000	1.000	0.000	
 210 	  2  	  2  	0.000	0.000	1.000	0.000	
 211 	  2  	  2  	0.000	0.000	1.000	0.000	
 212 	  2  	  2  	0.000	0.000	1.000	0.000	
 213 	  2  	  2  	0.000	0.000	1.000	0.000	
 214 	  2  	  2  	0.000	0.000	1.000	0.000	
 215 	  2  	  2  	0.000	0.000	1.000	0.000	
 216 	  2  	  2  	0.000	0.000	1.000	0.000	
 217 	  2  	  2  	0.000	0.000	1.000	0.000	
 218 	  2  	  2  	0.000	0.000	1.000	0.000	
 219 	  2  	  2  	0.000	0.000	1.000	0.000	
 220 	  2  	  2  	0.000	0.000	1.000	0.000	
 221 	  2  	  2  	0.000	0.001	0.999	0.000	
 222 	  2  	  2  	0.000	0.000	1.000	0.000	
 223 	  2  	  2  	0.000	0.001	0.999	0.000	
 224 	  2  	  2  	0.000	0.000	1.000	0.000	
 225 	  2  	  2  	0.000	0.000	1.000	0.000	
 226 	  2  	  2  	0.000	0.000	1.000	0.000	
 227 	  2  	  2  	0.000	0.000	1.000	0.000	
 228 	  2  	  2  	0.000	0.000	1.000	0.000	
 229 	  2  	  2  	0.000	0.000	1.000	0.000	
 230 	  2  	  2  	0.000	0.000	1.000	0.000	
 231 	  2  	  2  	0.000	0.000	1.000	0.000	
 232 	  2  	  2  	0.000	0.000	1.000	0.000	
 233 	  2  	  2  	0.000	0.000	1.000	0.000	
 234 	  2  	  2  	0.000	0.000	1.000	0.000	
 235 	  2  	  2  	0.000	0.000	1.000	0.000	
 236 	  2  	  2  	0.000	0.000	1.000	0.000	
 237 	  2  	  2  	0.000	0.001	0.999	0.000	
 238 	  2  	  2  	0.000	0.000	1.000	0.000	
 239 	  2  	  2  	0.000	0.000	1.000	0.000	
 240 	  2  	  2  	0.000	0.000	1.000	0.000	
 241 	  2  	  2  	0.000	0.000	1.000	0.000	
 242 	  2  	  2  	0.000	0.001	0.999	0.000	
 243 	  2  	  2  	0.000	0.000	0.999	0.001	
 244 	  2  	  2  	0.000	0.000	1.000	0.000	
 245 	  2  	  2  	0.000	0.000	1.000	0.000	
 246 	  2  	  2  	0.000	0.000	1.000	0.000	
 247 	  2  	  2  	0.000	0.000	1.000	0.000	
 248 	  2  	  2  	0.000	0.000	1.000	0.000	
 249 	  2  	  2  	0.000	0.000	1.000	0.000	
 250 	  2  	  2  	0.000	0.000	1.000	0.000	
 251 	  2  	  2  	0.000	0.000	1.000	0.000	
 252 	  2  	  2  	0.000	0.000	1.000	0.000	
 253 	  2  	  2  	0.000	0.000	1.000	0.000	
 254 	  2  	  2  	0.000	0.000	1.000	0.000	
 255 	  2  	  2  	0.000	0.000	1.000	0.000	
 256 	  2  	  2  	0.000	0.000	1.000	0.000	
 257 	  2  	  2  	0.000	0.000	1.000	0.000	
 258 	  2  	  2  	0.000	0.000	1.000	0.000	
 259 	  2  	  2  	0.000	0.000	1.000	0.000	
 260 	  2  	  2  	0.000	0.000	1.000	0.000	
 261 	  3  	  3  	0.025	0.000	0.000	0.975	
 262 	  3  	  3  	0.004	0.000	0.000	0.996	
 263 	  3  	  3  	0.000	0.000	0.000	1.000	
 264 	  3  	  3  	0.001	0.000	0.000	0.999	
 265 	  3  	  3  	0.000	0.000	0.000	1.000	
 266 	  3  	  3  	0.000	0.000	0.000	1.000	
 267 	  3  	  3  	0.000	0.001	0.000	0.999	
 268 	  3  	  3  	0.000	0.000	0.000	1.000	
 269 	  3  	  3  	0.000	0.000	0.000	1.000	
 270 	  3  	  3  	0.001	0.000	0.000	0.999	
 271 	  3  	  3  	0.000	0.000	0.000	1.000	
 272 	  3  	  3  	0.000	0.000	0.000	1.000	
 273 	  3  	  3  	0.000	0.000	0.000	1.000	
 274 	  3  	  3  	0.000	0.000	0.000	1.000	
 275 	  3  	  3  	0.000	0.000	0.000	1.000	
 276 	  3  	  3  	0.000	0.000	0.000	1.000	
 277 	  3  	  3  	0.000	0.000	0.000	1.000	
 278 	  3  	  3  	0.000	0.000	0.000	1.000	
 279 	  3  	  3  	0.000	0.000	0.000	1.000	
 280 	  3  	  3  	0.000	0.000	0.000	1.000	
 281 	  3  	  3  	0.000	0.000	0.000	1.000	
 282 	  3  	  3  	0.000	0.000	0.000	1.000	
 283 	  3  	  3  	0.000	0.001	0.000	0.998	
 284 	  3  	  3  	0.000	0.000	0.000	1.000	
 285 	  3  	  3  	0.001	0.000	0.000	0.999	
 286 	  3  	  3  	0.001	0.004	0.000	0.994	
 287 	  3  	  3  	0.170	0.000	0.000	0.830	
 288 	  3  	  3  	0.000	0.000	0.000	1.000	
 289 	  3  	  3  	0.002	0.000	0.000	0.998	
 290 	  3  	  3  	0.000	0.004	0.000	0.995	
 291 	  3  	  3  	0.000	0.000	0.000	1.000	
 292 	  3  	  3  	0.000	0.000	0.000	1.000	
 293 	  3  	  3  	0.000	0.000	0.000	1.000	
 294 	  3  	  3  	0.000	0.000	0.000	1.000	
 295 	  3  	  3  	0.000	0.000	0.000	1.000	
 296 	  3  	  3  	0.002	0.000	0.000	0.998	
 297 	  3  	  3  	0.001	0.000	0.000	0.999	
 298 	  3  	  3  	0.000	0.000	0.000	1.000	
 299 	  3  	  3  	0.000	0.000	0.000	1.000	
 300 	  3  	  3  	0.001	0.001	0.000	0.998	
 301 	  3  	  3  	0.000	0.000	0.000	1.000	
 302 	  3  	  3  	0.000	0.000	0.000	1.000	
 303 	  3  	  3  	0.000	0.000	0.000	1.000	
 304 	  3  	  3  	0.000	0.000	0.000	1.000	
 305 	  3  	  3  	0.000	0.000	0.000	1.000	
 306 	  3  	  3  	0.000	0.000	0.000	1.000	
 307 	  3  	  3  	0.000	0.000	0.000	1.000	
 308 	  3  	  3  	0.000	0.000	0.000	1.000	
 309 	  3  	  3  	0.001	0.000	0.000	0.999	
 310 	  3  	  3  	0.000	0.000	0.000	1.000	
 311 	  3  	  3  	0.000	0.000	0.000	1.000	
 312 	  3  	  3  	0.000	0.000	0.000	1.000	
 313 	  3  	  3  	0.000	0.000	0.000	1.000	
 314 	  3  	  3  	0.000	0.000	0.000	1.000	
 315 	  3  	  3  	0.000	0.000	0.000	1.000	
 316 	  3  	  3  	0.000	0.000	0.000	1.000	
 317 	  3  	  3  	0.000	0.000	0.000	1.000	
 318 	  3  	  3  	0.000	0.000	0.000	1.000	
 319 	  3  	  3  	0.000	0.000	0.000	1.000	
 320 	  3  	  3  	0.000	0.000	0.000	1.000	
 321 	  3  	  3  	0.000	0.000	0.000	1.000	
 322 	  3  	  3  	0.000	0.000	0.000	1.000	
 323 	  3  	  3  	0.000	0.000	0.000	1.000	
 324 	  3  	  3  	0.000	0.000	0.000	1.000	
 325 	  3  	  3  	0.000	0.000	0.000	1.000	
 326 	  3  	  3  	0.000	0.000	0.000	1.000	
 327 	  3  	  3  	0.007	0.000	0.000	0.993	
 328 	  3  	  3  	0.000	0.000	0.000	1.000	
 329 	  3  	  3  	0.000	0.000	0.000	1.000	
 330 	  3  	  3  	0.000	0.000	0.000	1.000	
 331 	  3  	  3  	0.005	0.001	0.000	0.995	
 332 	  3  	  3  	0.000	0.000	0.000	1.000	
 333 	  3  	  3  	0.000	0.000	0.000	1.000	
 334 	  3  	  3  	0.000	0.000	0.000	1.000	
 335 	  3  	  3  	0.000	0.000	0.000	0.999	
 336 	  3  	  3  	0.000	0.000	0.000	1.000	
 337 	  3  	  3  	0.000	0.000	0.000	1.000	
 338 	  3  	  3  	0.000	0.000	0.000	0.999	
 339 	  3  	  3  	0.000	0.000	0.000	1.000	
 340 	  3  	  3  	0.000	0.000	0.000	1.000	
 341 	  3  	  3  	0.000	0.000	0.000	1.000	
 342 	  3  	  3  	0.000	0.000	0.000	0.999	
 343 	  3  	  3  	0.000	0.000	0.000	1.000	
 344 	  3  	  3  	0.000	0.000	0.000	1.000	
 345 	  3  	  3  	0.000	0.000	0.000	1.000	
 346 	  3  	  3  	0.000	0.000	0.000	1.000	
 347 	  3  	  3  	0.000	0.000	0.000	1.000	
 348 	  3  	  3  	0.000	0.000	0.000	1.000	
 349 	  3  	  3  	0.000	0.000	0.000	1.000	
 350 	  3  	  3  	0.001	0.000	0.000	0.999	
 351 	  3  	  3  	0.000	0.000	0.000	1.000	
 352 	  3  	  3  	0.000	0.000	0.000	1.000	
 353 	  3  	  3  	0.000	0.000	0.000	1.000	
 354 	  3  	  3  	0.000	0.000	0.000	1.000	
 355 	  3  	  3  	0.000	0.000	0.000	1.000	
 356 	  3  	  3  	0.000	0.000	0.000	1.000	
 357 	  3  	  3  	0.000	0.000	0.000	1.000	
 358 	  3  	  3  	0.000	0.000	0.000	1.000	
 359 	  3  	  3  	0.005	0.000	0.000	0.995	
 360 	  3  	  3  	0.000	0.000	0.000	1.000	
 361 	  3  	  3  	0.000	0.000	0.000	1.000	
 362 	  3  	  3  	0.001	0.000	0.000	0.999	
 363 	  3  	  3  	0.000	0.000	0.000	1.000	
 364 	  3  	  3  	0.000	0.000	0.000	1.000	
 365 	  3  	  3  	0.007	0.000	0.000	0.993	
 366 	  3  	  3  	0.000	0.000	0.000	1.000	
 367 	  3  	  3  	0.000	0.000	0.000	1.000	
 368 	  3  	  3  	0.002	0.000	0.000	0.998	
 369 	  3  	  3  	0.000	0.000	0.000	1.000	
 370 	  3  	  3  	0.007	0.000	0.000	0.993	
 371 	  3  	  3  	0.000	0.000	0.000	1.000	
 372 	  3  	  3  	0.001	0.000	0.000	0.999	
 373 	  3  	  3  	0.000	0.000	0.000	1.000	
 374 	  3  	  3  	0.000	0.000	0.000	1.000	
 375 	  3  	  3  	0.000	0.000	0.000	1.000	
 376 	  3  	  3  	0.000	0.000	0.000	1.000	
 377 	  3  	  3  	0.000	0.000	0.000	1.000	
 378 	  3  	  3  	0.000	0.000	0.000	1.000	
 379 	  3  	  3  	0.000	0.001	0.000	0.998	
 380 	  3  	  3  	0.000	0.000	0.000	1.000	
 381 	  3  	  3  	0.000	0.000	0.000	1.000	
 382 	  3  	  3  	0.000	0.000	0.000	1.000	
 383 	  3  	  3  	0.000	0.000	0.000	1.000	
 384 	  3  	  3  	0.000	0.000	0.000	1.000	
 385 	  3  	  3  	0.000	0.000	0.000	1.000	
 386 	  3  	  3  	0.000	0.000	0.000	1.000	
 387 	  3  	  3  	0.000	0.000	0.000	1.000	
 388 	  3  	  3  	0.000	0.000	0.000	1.000	
 389 	  3  	  3  	0.000	0.000	0.000	1.000	
 390 	  3  	  3  	0.000	0.000	0.000	1.000	
 391 	  3  	  3  	0.000	0.000	0.000	1.000	
 392 	  3  	  3  	0.000	0.000	0.000	1.000	
 393 	  3  	  3  	0.001	0.000	0.000	0.999	
 394 	  3  	  3  	0.000	0.000	0.000	1.000	
 395 	  3  	  3  	0.000	0.000	0.000	1.000	
 396 	  3  	  3  	0.000	0.000	0.000	1.000	
 397 	  3  	  3  	0.000	0.000	0.000	1.000	
 398 	  3  	  3  	0.000	0.000	0.000	1.000	
 399 	  3  	  3  	0.002	0.008	0.000	0.991	
 400 	  3  	  3  	0.000	0.000	0.000	1.000	
 401 	  3  	  3  	0.000	0.000	0.000	1.000	
 402 	  3  	  3  	0.001	0.001	0.000	0.998	
 403 	  3  	  3  	0.000	0.000	0.000	1.000	
 404 	  3  	  3  	0.000	0.000	0.000	1.000	
 405 	  3  	  3  	0.000	0.000	0.000	1.000	
 406 	  3  	  3  	0.000	0.000	0.000	1.000	
 407 	  3  	  3  	0.000	0.000	0.000	1.000	
 408 	  3  	  3  	0.000	0.000	0.000	1.000	
 409 	  3  	  3  	0.000	0.000	0.000	1.000	
 410 	  3  	  3  	0.000	0.000	0.000	1.000	
 411 	  3  	  3  	0.000	0.000	0.000	1.000	
 412 	  3  	  3  	0.000	0.000	0.000	1.000	
 413 	  3  	  3  	0.000	0.000	0.000	1.000	
 414 	  3  	  3  	0.000	0.000	0.000	1.000	
 415 	  3  	  3  	0.000	0.000	0.000	1.000	
 416 	  3  	  3  	0.000	0.000	0.000	1.000	
 417 	  3  	  3  	0.000	0.000	0.000	1.000	
 418 	  3  	  3  	0.000	0.000	0.000	1.000	
 419 	  3  	  3  	0.000	0.000	0.000	1.000	
 420 	  3  	  3  	0.000	0.001	0.000	0.999	
 421 	  3  	  3  	0.000	0.000	0.000	1.000	
 422 	  3  	  3  	0.000	0.000	0.000	1.000	
 423 	  3  	  3  	0.000	0.000	0.000	1.000	
 424 	  3  	  3  	0.000	0.000	0.000	1.000	
 425 	  3  	  3  	0.000	0.000	0.000	1.000	
 426 	  3  	  3  	0.000	0.000	0.000	1.000	
 427 	  3  	  3  	0.000	0.000	0.000	1.000	
 428 	  3  	  3  	0.000	0.000	0.000	1.000	
 429 	  3  	  3  	0.000	0.000	0.000	1.000	
 430 	  3  	  3  	0.000	0.000	0.000	1.000	
 431 	  3  	  3  	0.000	0.000	0.000	1.000	
 432 	  3  	  3  	0.000	0.000	0.000	1.000	
 433 	  3  	  3  	0.000	0.000	0.000	1.000	
 434 	  3  	  3  	0.000	0.000	0.000	1.000	
 435 	  3  	  3  	0.000	0.000	0.000	1.000	
 436 	  3  	  3  	0.000	0.000	0.000	1.000	
 437 	  3  	  3  	0.028	0.000	0.000	0.972	
 438 	  3  	  3  	0.028	0.000	0.000	0.972	
 439 	  3  	  3  	0.000	0.000	0.000	1.000	
 440 	  3  	  3  	0.000	0.000	0.000	1.000	
 441 	  3  	  3  	0.002	0.000	0.000	0.998	
 442 	  3  	  3  	0.000	0.000	0.000	1.000	
 443 	  3  	  3  	0.000	0.000	0.000	1.000	
 444 	  3  	  3  	0.000	0.000	0.000	1.000	
 445 	  3  	  3  	0.000	0.000	0.000	1.000	
 446 	  3  	  3  	0.000	0.000	0.000	1.000	
 447 	  3  	  3  	0.000	0.000	0.000	1.000	
 448 	  3  	  3  	0.000	0.000	0.000	0.999	
 449 	  3  	  3  	0.000	0.000	0.000	1.000	
 450 	  3  	  3  	0.000	0.000	0.000	1.000	
 451 	  3  	  3  	0.000	0.000	0.000	0.999	
 452 	  3  	  3  	0.000	0.000	0.000	1.000	
 453 	  3  	  3  	0.000	0.000	0.000	1.000	
 454 	  3  	  3  	0.000	0.000	0.000	1.000	
 455 	  3  	  3  	0.000	0.000	0.000	1.000	
 456 	  3  	  3  	0.000	0.000	0.000	1.000	
 457 	  3  	  3  	0.000	0.000	0.000	1.000	
 458 	  3  	  3  	0.000	0.000	0.000	1.000	
 459 	  3  	  3  	0.000	0.000	0.000	1.000	
 460 	  3  	  3  	0.000	0.000	0.000	1.000	
 461 	  3  	  3  	0.000	0.000	0.000	1.000	
 462 	  3  	  3  	0.003	0.000	0.000	0.997	
 463 	  3  	  3  	0.000	0.000	0.000	1.000	
 464 	  3  	  3  	0.000	0.000	0.000	1.000	
 465 	  3  	  3  	0.000	0.000	0.000	1.000	
 466 	  3  	  3  	0.000	0.000	0.000	1.000	
 467 	  3  	  3  	0.000	0.000	0.000	1.000	
 468 	  3  	  3  	0.000	0.000	0.000	1.000	
 469 	  3  	  3  	0.001	0.000	0.000	0.999	
 470 	  3  	  3  	0.000	0.000	0.000	1.000	
 471 	  3  	  3  	0.003	0.007	0.000	0.989	
 472 	  3  	  3  	0.000	0.000	0.000	1.000	
 473 	  3  	  3  	0.000	0.000	0.000	1.000	
 474 	  3  	  3  	0.000	0.002	0.000	0.997	
 475 	  3  	  3  	0.000	0.000	0.000	1.000	
 476 	  3  	  3  	0.000	0.000	0.000	1.000	
 477 	  3  	  3  	0.000	0.000	0.000	1.000	
 478 	  3  	  3  	0.000	0.000	0.000	1.000	
 479 	  3  	  3  	0.000	0.000	0.000	1.000	
 480 	  3  	  3  	0.000	0.000	0.000	1.000	
 481 	  3  	  3  	0.000	0.001	0.000	0.999	
 482 	  3  	  3  	0.000	0.000	0.000	1.000	
 483 	  3  	  3  	0.000	0.001	0.000	0.998	
 484 	  3  	  3  	0.000	0.000	0.000	1.000	
 485 	  3  	  3  	0.000	0.000	0.000	1.000	
 486 	  3  	  3  	0.000	0.000	0.000	1.000	
 487 	  3  	  3  	0.000	0.000	0.001	0.999	
 488 	  3  	  3  	0.000	0.000	0.000	1.000	
 489 	  3  	  3  	0.000	0.000	0.000	1.000	
 490 	  3  	  3  	0.000	0.000	0.000	1.000	
 491 	  3  	  3  	0.000	0.000	0.000	1.000	
 492 	  3  	  3  	0.000	0.000	0.000	1.000	
 493 	  3  	  3  	0.042	0.000	0.000	0.958	
 494 	  3  	  3  	0.000	0.000	0.000	1.000	
 495 	  3  	  3  	0.000	0.001	0.000	0.999	
 496 	  3  	  3  	0.000	0.000	0.000	1.000	
 497 	  3  	  3  	0.027	0.000	0.000	0.973	
 498 	  3  	  3  	0.000	0.000	0.000	1.000	
 499 	  3  	  3  	0.000	0.000	0.000	1.000	
 500 	  3  	  3  	0.000	0.000	0.000	1.000	
 501 	  3  	  3  	0.000	0.000	0.000	1.000	
 502 	  3  	  3  	0.001	0.000	0.000	0.999	
 503 	  3  	  3  	0.002	0.004	0.000	0.995	
 504 	  3  	  3  	0.000	0.000	0.000	1.000	
 505 	  3  	  3  	0.001	0.000	0.000	0.999	
 506 	  3  	  3  	0.000	0.006	0.000	0.994	
 507 	  3  	  3  	0.000	0.000	0.000	1.000	
 508 	  3  	  3  	0.000	0.000	0.000	1.000	
 509 	  3  	  3  	0.000	0.000	0.000	1.000	
 510 	  3  	  3  	0.000	0.000	0.000	1.000	
 511 	  3  	  3  	0.000	0.000	0.000	1.000	
 512 	  3  	  3  	0.000	0.000	0.000	1.000	
 513 	  3  	  3  	0.032	0.000	0.000	0.968	
 514 	  3  	  3  	0.000	0.000	0.000	1.000	
 515 	  3  	  3  	0.002	0.003	0.000	0.996	
 516 	  3  	  3  	0.000	0.000	0.000	1.000	
 517 	  3  	  3  	0.000	0.000	0.000	1.000	
 518 	  3  	  3  	0.009	0.000	0.000	0.991	
 519 	  3  	  3  	0.000	0.000	0.000	1.000	
 520 	  3  	  3  	0.000	0.000	0.000	1.000	
 521 	  3  	  3  	0.007	0.000	0.000	0.993	
 522 	  3  	  3  	0.000	0.000	0.000	1.000	
 523 	  3  	  3  	0.000	0.000	0.000	1.000	
 524 	  3  	  3  	0.001	0.000	0.000	0.999	
 525 	  3  	  3  	0.000	0.000	0.000	1.000	
 526 	  3  	  3  	0.000	0.000	0.000	1.000	
 527 	  3  	  3  	0.003	0.000	0.000	0.997	
 528 	  3  	  3  	0.000	0.000	0.000	1.000	
 529 	  3  	  3  	0.000	0.000	0.000	1.000	
 530 	  3  	  3  	0.003	0.000	0.000	0.997	
 531 	  3  	  3  	0.000	0.000	0.000	1.000	
 532 	  3  	  3  	0.000	0.000	0.000	1.000	
 533 	  3  	  3  	0.020	0.000	0.000	0.980	
 534 	  3  	  3  	0.000	0.000	0.000	1.000	
 535 	  3  	  3  	0.000	0.000	0.000	1.000	
 536 	  3  	  3  	0.009	0.000	0.000	0.991	
 537 	  0  	  3  	0.974	0.000	0.001	0.025	
 538 	  3  	  3  	0.000	0.000	0.000	1.000	
 539 	  0  	  0  	1.000	0.000	0.000	0.000	
 540 	  0  	  0  	1.000	0.000	0.000	0.000	
 541 	  0  	  0  	1.000	0.000	0.000	0.000	
 542 	  0  	  0  	1.000	0.000	0.000	0.000	
 543 	  0  	  0  	0.999	0.000	0.000	0.001	
 544 	  0  	  0  	1.000	0.000	0.000	0.000	
 545 	  0  	  0  	1.000	0.000	0.000	0.000	
 546 	  0  	  0  	1.000	0.000	0.000	0.000	
 547 	  0  	  0  	1.000	0.000	0.000	0.000	
 548 	  0  	  0  	1.000	0.000	0.000	0.000	
 549 	  0  	  0  	1.000	0.000	0.000	0.000	
 550 	  0  	  0  	0.884	0.097	0.000	0.019	
 551 	  0  	  0  	1.000	0.000	0.000	0.000	
 552 	  0  	  0  	1.000	0.000	0.000	0.000	
 553 	  0  	  0  	0.999	0.000	0.001	0.000	
 554 	  0  	  0  	1.000	0.000	0.000	0.000	
 555 	  0  	  0  	0.974	0.000	0.000	0.026	
 556 	  0  	  0  	0.994	0.000	0.001	0.004	
 557 	  0  	  0  	1.000	0.000	0.000	0.000	
 558 	  0  	  0  	1.000	0.000	0.000	0.000	
 559 	  0  	  0  	0.997	0.000	0.000	0.003	
 560 	  0  	  0  	1.000	0.000	0.000	0.000	
 561 	  0  	  0  	1.000	0.000	0.000	0.000	
 562 	  0  	  0  	0.993	0.000	0.000	0.007	
 563 	  0  	  0  	0.995	0.000	0.000	0.004	
 564 	  0  	  0  	1.000	0.000	0.000	0.000	
 565 	  0  	  0  	0.991	0.001	0.000	0.008	
 566 	  0  	  0  	0.970	0.001	0.000	0.028	
 567 	  0  	  0  	0.993	0.001	0.000	0.006	
 568 	  0  	  0  	1.000	0.000	0.000	0.000	
 569 	  0  	  0  	1.000	0.000	0.000	0.000	
 570 	  0  	  0  	0.999	0.000	0.000	0.001	
 571 	  0  	  0  	0.920	0.000	0.000	0.079	
 572 	  0  	  0  	1.000	0.000	0.000	0.000	
 573 	  0  	  0  	1.000	0.000	0.000	0.000	
 574 	  0  	  0  	1.000	0.000	0.000	0.000	
 575 	  0  	  0  	1.000	0.000	0.000	0.000	
 576 	  0  	  0  	1.000	0.000	0.000	0.000	
 577 	  0  	  0  	1.000	0.000	0.000	0.000	
 578 	  0  	  0  	1.000	0.000	0.000	0.000	
 579 	  0  	  0  	1.000	0.000	0.000	0.000	
 580 	  0  	  0  	1.000	0.000	0.000	0.000	
 581 	  0  	  0  	1.000	0.000	0.000	0.000	
 582 	  0  	  0  	1.000	0.000	0.000	0.000	
 583 	  0  	  0  	1.000	0.000	0.000	0.000	
 584 	  0  	  0  	1.000	0.000	0.000	0.000	
 585 	  0  	  0  	1.000	0.000	0.000	0.000	
 586 	  0  	  0  	0.997	0.000	0.000	0.003	
 587 	  0  	  0  	0.998	0.000	0.000	0.002	
 588 	  0  	  0  	0.996	0.000	0.000	0.003	
 589 	  0  	  0  	0.988	0.003	0.000	0.009	
 590 	  0  	  0  	0.997	0.000	0.000	0.003	
 591 	  0  	  0  	1.000	0.000	0.000	0.000	
 592 	  0  	  0  	0.998	0.002	0.000	0.000	
 593 	  0  	  0  	1.000	0.000	0.000	0.000	
 594 	  0  	  0  	0.999	0.001	0.000	0.000	
 595 	  0  	  0  	1.000	0.000	0.000	0.000	
 596 	  0  	  0  	0.999	0.000	0.000	0.001	
 597 	  0  	  0  	1.000	0.000	0.000	0.000	
 598 	  0  	  0  	0.999	0.000	0.000	0.001	
 599 	  0  	  0  	1.000	0.000	0.000	0.000	
 600 	  0  	  0  	1.000	0.000	0.000	0.000	
 601 	  0  	  0  	0.999	0.000	0.001	0.000	
 602 	  0  	  0  	0.998	0.001	0.001	0.001	
 603 	  0  	  0  	1.000	0.000	0.000	0.000	
 604 	  0  	  0  	1.000	0.000	0.000	0.000	
 605 	  0  	  0  	0.999	0.000	0.000	0.001	
 606 	  0  	  0  	0.999	0.001	0.000	0.000	
 607 	  0  	  0  	0.999	0.000	0.000	0.001	
 608 	  0  	  0  	0.980	0.019	0.000	0.000	
 609 	  0  	  0  	1.000	0.000	0.000	0.000	
 610 	  0  	  0  	1.000	0.000	0.000	0.000	
 611 	  0  	  0  	1.000	0.000	0.000	0.000	
 612 	  0  	  0  	1.000	0.000	0.000	0.000	
 613 	  0  	  0  	0.999	0.000	0.000	0.001	
 614 	  0  	  0  	1.000	0.000	0.000	0.000	
 615 	  0  	  0  	1.000	0.000	0.000	0.000	
 616 	  0  	  0  	1.000	0.000	0.000	0.000	
 617 	  0  	  0  	0.999	0.000	0.000	0.000	
 618 	  0  	  0  	1.000	0.000	0.000	0.000	
 619 	  0  	  0  	1.000	0.000	0.000	0.000	
 620 	  0  	  0  	0.991	0.000	0.000	0.009	
 621 	  0  	  0  	1.000	0.000	0.000	0.000	
 622 	  0  	  0  	1.000	0.000	0.000	0.000	
 623 	  0  	  0  	1.000	0.000	0.000	0.000	
 624 	  0  	  0  	1.000	0.000	0.000	0.000	
 625 	  0  	  0  	1.000	0.000	0.000	0.000	
 626 	  0  	  0  	1.000	0.000	0.000	0.000	
 627 	  0  	  0  	1.000	0.000	0.000	0.000	
 628 	  0  	  0  	1.000	0.000	0.000	0.000	
 629 	  0  	  0  	1.000	0.000	0.000	0.000	
 630 	  0  	  0  	1.000	0.000	0.000	0.000	
 631 	  0  	  0  	0.997	0.003	0.000	0.000	
 632 	  0  	  0  	1.000	0.000	0.000	0.000	
 633 	  0  	  0  	0.999	0.000	0.000	0.001	
 634 	  0  	  0  	1.000	0.000	0.000	0.000	
 635 	  0  	  0  	0.998	0.000	0.000	0.001	
 636 	  0  	  0  	0.999	0.000	0.000	0.000	
 637 	  0  	  0  	1.000	0.000	0.000	0.000	
 638 	  0  	  0  	0.995	0.000	0.001	0.003	
 639 	  0  	  0  	1.000	0.000	0.000	0.000	
 640 	  0  	  0  	1.000	0.000	0.000	0.000	
 641 	  0  	  0  	1.000	0.000	0.000	0.000	
 642 	  0  	  0  	0.998	0.000	0.002	0.001	
 643 	  0  	  0  	0.908	0.000	0.000	0.092	
 644 	  0  	  0  	0.999	0.000	0.001	0.000	
 645 	  0  	  0  	1.000	0.000	0.000	0.000	
 646 	  0  	  0  	0.999	0.000	0.001	0.000	
 647 	  0  	  0  	1.000	0.000	0.000	0.000	
 648 	  0  	  0  	1.000	0.000	0.000	0.000	
 649 	  0  	  0  	0.982	0.000	0.017	0.000	
 650 	  0  	  0  	1.000	0.000	0.000	0.000	
 651 	  0  	  0  	1.000	0.000	0.000	0.000	
 652 	  0  	  0  	1.000	0.000	0.000	0.000	
 653 	  0  	  0  	0.983	0.000	0.000	0.016	
 654 	  0  	  0  	1.000	0.000	0.000	0.000	
 655 	  0  	  0  	0.984	0.000	0.000	0.016	
 656 	  0  	  0  	0.954	0.001	0.000	0.045	
 657 	  0  	  0  	0.993	0.000	0.000	0.007	
 658 	  0  	  0  	0.999	0.000	0.000	0.001	
 659 	  0  	  0  	1.000	0.000	0.000	0.000	
 660 	  0  	  0  	0.999	0.001	0.000	0.000	
 661 	  0  	  0  	1.000	0.000	0.000	0.000	
 662 	  0  	  0  	1.000	0.000	0.000	0.000	
 663 	  0  	  0  	1.000	0.000	0.000	0.000	
 664 	  0  	  0  	1.000	0.000	0.000	0.000	
 665 	  0  	  0  	1.000	0.000	0.000	0.000	
 666 	  0  	  0  	1.000	0.000	0.000	0.000	
 667 	  0  	  0  	1.000	0.000	0.000	0.000	
 668 	  0  	  0  	1.000	0.000	0.000	0.000	
 669 	  0  	  0  	1.000	0.000	0.000	0.000	
 670 	  0  	  0  	1.000	0.000	0.000	0.000	
 671 	  0  	  0  	1.000	0.000	0.000	0.000	
 672 	  0  	  0  	1.000	0.000	0.000	0.000	
 673 	  0  	  0  	1.000	0.000	0.000	0.000	
 674 	  0  	  0  	1.000	0.000	0.000	0.000	
 675 	  0  	  0  	0.999	0.000	0.000	0.000	
 676 	  0  	  0  	0.999	0.001	0.000	0.000	
 677 	  0  	  0  	1.000	0.000	0.000	0.000	
 678 	  0  	  0  	1.000	0.000	0.000	0.000	
 679 	  0  	  0  	1.000	0.000	0.000	0.000	
 680 	  0  	  0  	1.000	0.000	0.000	0.000	
 681 	  0  	  0  	0.999	0.000	0.000	0.000	
 682 	  0  	  0  	0.999	0.000	0.000	0.000	
 683 	  0  	  0  	0.994	0.005	0.000	0.000	
 684 	  0  	  0  	1.000	0.000	0.000	0.000	
 685 	  0  	  0  	1.000	0.000	0.000	0.000	
 686 	  0  	  0  	0.989	0.000	0.000	0.011	
 687 	  0  	  0  	0.998	0.000	0.002	0.000	
 688 	  0  	  0  	0.954	0.000	0.000	0.046	
 689 	  0  	  0  	0.983	0.000	0.000	0.016	
 690 	  0  	  0  	1.000	0.000	0.000	0.000	
 691 	  0  	  0  	0.984	0.000	0.000	0.016	
 692 	  0  	  0  	1.000	0.000	0.000	0.000	
 693 	  0  	  0  	1.000	0.000	0.000	0.000	
 694 	  0  	  0  	1.000	0.000	0.000	0.000	
 695 	  0  	  0  	1.000	0.000	0.000	0.000	
 696 	  0  	  0  	1.000	0.000	0.000	0.000	
 697 	  0  	  0  	1.000	0.000	0.000	0.000	
 698 	  0  	  0  	0.795	0.000	0.000	0.204	
 699 	  0  	  0  	1.000	0.000	0.000	0.000	
 700 	  0  	  0  	0.973	0.000	0.000	0.027	
 701 	  0  	  0  	0.952	0.001	0.000	0.047	
 702 	  0  	  0  	0.993	0.000	0.000	0.007	
 703 	  0  	  0  	0.999	0.000	0.000	0.001	
 704 	  0  	  0  	1.000	0.000	0.000	0.000	
 705 	  0  	  0  	1.000	0.000	0.000	0.000	
 706 	  0  	  0  	0.999	0.000	0.000	0.001	
 707 	  0  	  0  	1.000	0.000	0.000	0.000	
 708 	  0  	  0  	1.000	0.000	0.000	0.000	
 709 	  0  	  0  	0.999	0.000	0.000	0.001	
 710 	  0  	  0  	1.000	0.000	0.000	0.000	
 711 	  0  	  0  	0.998	0.000	0.001	0.001	
 712 	  0  	  0  	1.000	0.000	0.000	0.000	
 713 	  0  	  0  	0.993	0.006	0.000	0.001	
 714 	  0  	  0  	1.000	0.000	0.000	0.000	
 715 	  0  	  0  	0.999	0.000	0.000	0.000	
 716 	  0  	  0  	0.998	0.000	0.000	0.002	
 717 	  0  	  0  	1.000	0.000	0.000	0.000	
 718 	  0  	  0  	1.000	0.000	0.000	0.000	
 719 	  0  	  0  	1.000	0.000	0.000	0.000	
 720 	  0  	  0  	1.000	0.000	0.000	0.000	
 721 	  0  	  0  	1.000	0.000	0.000	0.000	
 722 	  0  	  0  	1.000	0.000	0.000	0.000	
 723 	  0  	  0  	0.999	0.001	0.000	0.000	
 724 	  0  	  0  	1.000	0.000	0.000	0.000	
 725 	  0  	  0  	1.000	0.000	0.000	0.000	
 726 	  0  	  0  	1.000	0.000	0.000	0.000	
 727 	  0  	  0  	1.000	0.000	0.000	0.000	
 728 	  0  	  0  	0.996	0.004	0.000	0.000	
 729 	  0  	  0  	0.999	0.000	0.001	0.000	
 730 	  0  	  0  	1.000	0.000	0.000	0.000	
 731 	  0  	  0  	1.000	0.000	0.000	0.000	
 732 	  0  	  0  	0.999	0.000	0.001	0.000	
 733 	  0  	  0  	1.000	0.000	0.000	0.000	
 734 	  0  	  0  	1.000	0.000	0.000	0.000	
 735 	  0  	  0  	1.000	0.000	0.000	0.000	
 736 	  0  	  0  	1.000	0.000	0.000	0.000	
 737 	  0  	  0  	0.998	0.001	0.001	0.000	
 738 	  0  	  0  	1.000	0.000	0.000	0.000	
 739 	  0  	  0  	0.988	0.000	0.011	0.000	
 740 	  0  	  0  	0.994	0.001	0.005	0.000	
 741 	  0  	  0  	1.000	0.000	0.000	0.000	
 742 	  0  	  0  	0.905	0.095	0.000	0.000	
 743 	  0  	  0  	0.993	0.004	0.001	0.002	
 744 	  0  	  0  	0.996	0.003	0.000	0.000	
 745 	  0  	  0  	1.000	0.000	0.000	0.000	
 746 	  0  	  0  	0.952	0.045	0.001	0.002	
 747 	  0  	  0  	0.996	0.002	0.000	0.001	
 748 	  0  	  0  	0.997	0.000	0.000	0.003	
 749 	  0  	  0  	1.000	0.000	0.000	0.000	
 750 	  0  	  0  	0.999	0.000	0.000	0.001	
 751 	  0  	  0  	1.000	0.000	0.000	0.000	
 752 	  0  	  0  	1.000	0.000	0.000	0.000	
 753 	  0  	  0  	1.000	0.000	0.000	0.000	
 754 	  0  	  0  	1.000	0.000	0.000	0.000	
 755 	  0  	  0  	1.000	0.000	0.000	0.000	
 756 	  0  	  0  	0.999	0.000	0.000	0.001	
 757 	  0  	  0  	1.000	0.000	0.000	0.000	
 758 	  0  	  0  	0.999	0.001	0.000	0.000	
 759 	  0  	  0  	1.000	0.000	0.000	0.000	
 760 	  0  	  0  	1.000	0.000	0.000	0.000	
 761 	  0  	  0  	1.000	0.000	0.000	0.000	
 762 	  0  	  0  	1.000	0.000	0.000	0.000	
 763 	  0  	  0  	0.999	0.000	0.000	0.001	
 764 	  0  	  0  	0.999	0.000	0.000	0.001	
 765 	  0  	  0  	1.000	0.000	0.000	0.000	
 766 	  0  	  0  	0.994	0.000	0.000	0.006	
 767 	  0  	  0  	1.000	0.000	0.000	0.000	
 768 	  0  	  0  	0.991	0.000	0.000	0.009	
 769 	  0  	  0  	1.000	0.000	0.000	0.000	
 770 	  0  	  0  	1.000	0.000	0.000	0.000	
 771 	  0  	  0  	0.999	0.000	0.000	0.001	
 772 	  0  	  0  	1.000	0.000	0.000	0.000	
 773 	  0  	  0  	0.999	0.000	0.000	0.001	
 774 	  0  	  0  	1.000	0.000	0.000	0.000	
 775 	  0  	  0  	1.000	0.000	0.000	0.000	
 776 	  0  	  0  	1.000	0.000	0.000	0.000	
 777 	  0  	  0  	0.994	0.000	0.000	0.006	
 778 	  0  	  0  	1.000	0.000	0.000	0.000	
 779 	  0  	  0  	1.000	0.000	0.000	0.000	
 780 	  0  	  0  	0.991	0.000	0.000	0.009	
 781 	  0  	  0  	1.000	0.000	0.000	0.000	
 782 	  0  	  0  	1.000	0.000	0.000	0.000	
 783 	  0  	  0  	0.987	0.003	0.000	0.010	
 784 	  0  	  0  	1.000	0.000	0.000	0.000	
 785 	  0  	  0  	1.000	0.000	0.000	0.000	
 786 	  0  	  0  	0.997	0.002	0.000	0.001	
 787 	  0  	  0  	0.994	0.001	0.000	0.005	
 788 	  0  	  0  	0.997	0.002	0.000	0.001	
 789 	  0  	  0  	1.000	0.000	0.000	0.000	
 790 	  0  	  0  	0.997	0.003	0.000	0.000	
 791 	  0  	  0  	0.999	0.001	0.000	0.000	
 792 	  0  	  0  	1.000	0.000	0.000	0.000	
 793 	  0  	  0  	1.000	0.000	0.000	0.000	
 794 	  3  	  0  	0.080	0.000	0.000	0.920	
 795 	  0  	  0  	0.995	0.000	0.000	0.005	
 796 	  0  	  0  	1.000	0.000	0.000	0.000	
 797 	  0  	  0  	0.977	0.000	0.000	0.023	
 798 	  0  	  0  	1.000	0.000	0.000	0.000	
 799 	  0  	  0  	0.789	0.000	0.000	0.211	
 800 	  0  	  0  	1.000	0.000	0.000	0.000	
 801 	  0  	  0  	0.770	0.000	0.000	0.230	
 802 	  0  	  0  	1.000	0.000	0.000	0.000	
 803 	  0  	  0  	1.000	0.000	0.000	0.000	
 804 	  0  	  0  	1.000	0.000	0.000	0.000	
 805 	  0  	  0  	0.998	0.001	0.000	0.001	
 806 	  0  	  0  	1.000	0.000	0.000	0.000	
 807 	  0  	  0  	0.999	0.000	0.000	0.001	
 808 	  0  	  0  	1.000	0.000	0.000	0.000	
 809 	  0  	  0  	0.994	0.001	0.004	0.001	
 810 	  0  	  0  	0.999	0.000	0.000	0.001	
 811 	  0  	  0  	0.999	0.000	0.000	0.001	
 812 	  0  	  0  	0.998	0.002	0.000	0.000	
 813 	  0  	  0  	1.000	0.000	0.000	0.000	
 814 	  0  	  0  	1.000	0.000	0.000	0.000	
 815 	  0  	  0  	0.999	0.000	0.000	0.001	
 816 	  0  	  0  	0.999	0.001	0.000	0.000	
 817 	  0  	  0  	0.999	0.000	0.000	0.000	
 818 	  0  	  0  	1.000	0.000	0.000	0.000	
 819 	  0  	  0  	0.977	0.000	0.000	0.023	
 820 	  0  	  0  	1.000	0.000	0.000	0.000	
 821 	  0  	  0  	0.999	0.000	0.001	0.000	
 822 	  0  	  0  	0.998	0.000	0.001	0.001	
 823 	  0  	  0  	0.999	0.000	0.000	0.000	
 824 	  0  	  0  	1.000	0.000	0.000	0.000	
 825 	  0  	  0  	1.000	0.000	0.000	0.000	
 826 	  0  	  0  	0.999	0.001	0.000	0.000	
 827 	  0  	  0  	1.000	0.000	0.000	0.000	
 828 	  0  	  0  	1.000	0.000	0.000	0.000	
 829 	  0  	  0  	0.997	0.000	0.000	0.003	
 830 	  0  	  0  	0.999	0.000	0.001	0.000	
 831 	  0  	  0  	1.000	0.000	0.000	0.000	
 832 	  0  	  0  	0.990	0.000	0.000	0.010	
 833 	  0  	  0  	0.999	0.001	0.000	0.001	
 834 	  0  	  0  	0.989	0.011	0.000	0.000	
 835 	  0  	  0  	0.999	0.001	0.000	0.000	
 836 	  0  	  0  	0.999	0.001	0.000	0.000	
 837 	  0  	  0  	1.000	0.000	0.000	0.000	
 838 	  0  	  0  	0.998	0.001	0.000	0.000	
 839 	  0  	  0  	1.000	0.000	0.000	0.000	
 840 	  0  	  0  	0.764	0.000	0.000	0.236	
 841 	  0  	  0  	1.000	0.000	0.000	0.000	
 842 	  0  	  0  	0.996	0.004	0.000	0.000	
 843 	  0  	  0  	0.932	0.068	0.000	0.000	
 844 	  0  	  0  	0.983	0.017	0.000	0.000	
 845 	  1  	  0  	0.244	0.756	0.000	0.000	
 846 	  1  	  0  	0.450	0.550	0.000	0.000	
 847 	  1  	  0  	0.005	0.995	0.000	0.000	
 848 	  0  	  0  	0.914	0.002	0.000	0.084	
 849 	  1  	  0  	0.005	0.995	0.000	0.000	
 850 	  0  	  0  	0.914	0.002	0.000	0.084	
 851 	  1  	  0  	0.005	0.995	0.000	0.000	
 852 	  0  	  0  	0.998	0.000	0.000	0.002	
 853 	  0  	  0  	0.599	0.401	0.000	0.000	
 854 	  0  	  0  	0.557	0.000	0.000	0.443	
